0.021333	0.021333	0.021
0.651333	0.651333	0.651
1.281333	1.281333	1.281
1.784667	1.784667	1.785
2.288000	2.288000	2.288
2.791333	2.791333	2.791
3.281333	3.281333	3.281
3.781333	3.781333	3.781
4.281333	4.281333	4.281
4.781333	4.781333	4.781
5.281333	5.281333	5.281
5.781333	5.781333	5.781
6.281333	6.281333	6.281
6.781333	6.781333	6.781
7.281333	7.281333	7.281
7.781333	7.781333	7.781
8.291333	8.291333	8.291
8.811333	8.811333	8.811
9.281333	9.281333	9.281
9.841333	9.841333	9.841
10.316333	10.316333	10.316
10.791333	10.791333	10.791
11.281333	11.281333	11.281
11.781333	11.781333	11.781
12.281333	12.281333	12.281
12.781333	12.781333	12.781
13.281333	13.281333	13.281
13.781333	13.781333	13.781
14.296333	14.296333	14.296
14.811333	14.811333	14.811
15.281333	15.281333	15.281
15.781333	15.781333	15.781
16.301333	16.301333	16.301
16.781333	16.781333	16.781
17.291333	17.291333	17.291
17.781333	17.781333	17.781
18.286333	18.286333	18.286
18.791333	18.791333	18.791
19.281333	19.281333	19.281
19.784667	19.784667	19.785
20.288000	20.288000	20.288
20.791333	20.791333	20.791
21.281333	21.281333	21.281
21.781333	21.781333	21.781
22.411333	22.411333	22.411
23.031333	23.031333	23.031
23.561333	23.561333	23.561
24.031333	24.031333	24.031
24.531333	24.531333	24.531
25.031333	25.031333	25.031
25.531333	25.531333	25.531
26.031333	26.031333	26.031
26.531333	26.531333	26.531
27.031333	27.031333	27.031
27.531333	27.531333	27.531
28.031333	28.031333	28.031
28.531333	28.531333	28.531
29.031333	29.031333	29.031
29.531333	29.531333	29.531
30.031333	30.031333	30.031
30.531333	30.531333	30.531
31.031333	31.031333	31.031
31.531333	31.531333	31.531
32.031333	32.031333	32.031
32.531333	32.531333	32.531
33.031333	33.031333	33.031
33.531333	33.531333	33.531
34.031333	34.031333	34.031
34.531333	34.531333	34.531
35.031333	35.031333	35.031
35.531333	35.531333	35.531
36.031333	36.031333	36.031
36.531333	36.531333	36.531
37.031333	37.031333	37.031
37.531333	37.531333	37.531
38.031333	38.031333	38.031
38.531333	38.531333	38.531
39.031333	39.031333	39.031
39.531333	39.531333	39.531
40.031333	40.031333	40.031
40.531333	40.531333	40.531
41.031333	41.031333	41.031
41.531333	41.531333	41.531
42.031333	42.031333	42.031
42.531333	42.531333	42.531
43.031333	43.031333	43.031
43.531333	43.531333	43.531
44.031333	44.031333	44.031
44.531333	44.531333	44.531
45.031333	45.031333	45.031
45.531333	45.531333	45.531
46.031333	46.031333	46.031
46.531333	46.531333	46.531
47.031333	47.031333	47.031
47.531333	47.531333	47.531
48.031333	48.031333	48.031
48.551333	48.551333	48.551
49.041333	49.041333	49.041
49.571333	49.571333	49.571
50.061333	50.061333	50.061
50.541333	50.541333	50.541
51.021333	51.021333	51.021
51.501333	51.501333	51.501
52.071333	52.071333	52.071
52.568000	52.568000	52.568
53.064667	53.064667	53.065
53.561333	53.561333	53.561
54.021333	54.021333	54.021
54.526333	54.526333	54.526
55.031333	55.031333	55.031
55.536333	55.536333	55.536
56.041333	56.041333	56.041
56.538000	56.538000	56.538
57.034667	57.034667	57.035
57.531333	57.531333	57.531
58.031333	58.031333	58.031
58.531333	58.531333	58.531
59.031333	59.031333	59.031
59.491333	59.491333	59.491
60.031333	60.031333	60.031
60.538000	60.538000	60.538
61.044667	61.044667	61.045
61.551333	61.551333	61.551
62.041333	62.041333	62.041
62.531333	62.531333	62.531
63.021333	63.021333	63.021
63.481333	63.481333	63.481
64.031333	64.031333	64.031
64.531333	64.531333	64.531
65.031333	65.031333	65.031
65.531333	65.531333	65.531
66.031333	66.031333	66.031
66.531333	66.531333	66.531
67.031333	67.031333	67.031
67.531333	67.531333	67.531
68.031333	68.031333	68.031
68.531333	68.531333	68.531
69.031333	69.031333	69.031
69.531333	69.531333	69.531
70.031333	70.031333	70.031
70.531333	70.531333	70.531
71.031333	71.031333	71.031
71.531333	71.531333	71.531
72.031333	72.031333	72.031
72.531333	72.531333	72.531
73.031333	73.031333	73.031
73.531333	73.531333	73.531
74.031333	74.031333	74.031
74.531333	74.531333	74.531
75.031333	75.031333	75.031
75.531333	75.531333	75.531
76.031333	76.031333	76.031
76.531333	76.531333	76.531
77.031333	77.031333	77.031
77.531333	77.531333	77.531
78.031333	78.031333	78.031
78.531333	78.531333	78.531
79.031333	79.031333	79.031
79.561333	79.561333	79.561
80.031333	80.031333	80.031
80.531333	80.531333	80.531
81.031333	81.031333	81.031
81.531333	81.531333	81.531
82.031333	82.031333	82.031
82.531333	82.531333	82.531
83.031333	83.031333	83.031
83.531333	83.531333	83.531
84.031333	84.031333	84.031
84.531333	84.531333	84.531
85.031333	85.031333	85.031
85.531333	85.531333	85.531
86.031333	86.031333	86.031
86.531333	86.531333	86.531
87.031333	87.031333	87.031
87.531333	87.531333	87.531
88.031333	88.031333	88.031
88.531333	88.531333	88.531
89.031333	89.031333	89.031
89.531333	89.531333	89.531
90.031333	90.031333	90.031
90.531333	90.531333	90.531
91.031333	91.031333	91.031
91.531333	91.531333	91.531
92.031333	92.031333	92.031
92.531333	92.531333	92.531
93.031333	93.031333	93.031
93.531333	93.531333	93.531
94.031333	94.031333	94.031
94.531333	94.531333	94.531
95.031333	95.031333	95.031
95.531333	95.531333	95.531
96.031333	96.031333	96.031
96.531333	96.531333	96.531
97.031333	97.031333	97.031
97.531333	97.531333	97.531
98.031333	98.031333	98.031
98.531333	98.531333	98.531
99.031333	99.031333	99.031
99.531333	99.531333	99.531
100.031333	100.031333	100.031
100.531333	100.531333	100.531
101.031333	101.031333	101.031
101.531333	101.531333	101.531
102.031333	102.031333	102.031
102.531333	102.531333	102.531
103.031333	103.031333	103.031
103.531333	103.531333	103.531
104.031333	104.031333	104.031
104.541333	104.541333	104.541
105.021333	105.021333	105.021
105.571333	105.571333	105.571
106.061333	106.061333	106.061
106.541333	106.541333	106.541
107.021333	107.021333	107.021
107.501333	107.501333	107.501
108.071333	108.071333	108.071
108.568000	108.568000	108.568
109.064667	109.064667	109.065
109.561333	109.561333	109.561
110.031333	110.031333	110.031
110.533833	110.533833	110.534
111.036333	111.036333	111.036
111.538833	111.538833	111.539
112.041333	112.041333	112.041
112.538000	112.538000	112.538
113.034667	113.034667	113.035
113.531333	113.531333	113.531
114.031333	114.031333	114.031
114.531333	114.531333	114.531
115.031333	115.031333	115.031
115.491333	115.491333	115.491
116.031333	116.031333	116.031
116.538000	116.538000	116.538
117.044667	117.044667	117.045
117.551333	117.551333	117.551
118.031333	118.031333	118.031
118.531333	118.531333	118.531
119.031333	119.031333	119.031
119.491333	119.491333	119.491
120.031333	120.031333	120.031
120.531333	120.531333	120.531
121.031333	121.031333	121.031
121.531333	121.531333	121.531
122.031333	122.031333	122.031
122.531333	122.531333	122.531
123.031333	123.031333	123.031
123.531333	123.531333	123.531
124.031333	124.031333	124.031
124.531333	124.531333	124.531
125.031333	125.031333	125.031
125.531333	125.531333	125.531
126.031333	126.031333	126.031
126.531333	126.531333	126.531
127.031333	127.031333	127.031
127.531333	127.531333	127.531
128.031333	128.031333	128.031
128.531333	128.531333	128.531
129.031333	129.031333	129.031
129.531333	129.531333	129.531
130.031333	130.031333	130.031
130.531333	130.531333	130.531
131.031333	131.031333	131.031
131.531333	131.531333	131.531
132.031333	132.031333	132.031
132.531333	132.531333	132.531
133.031333	133.031333	133.031
133.531333	133.531333	133.531
134.031333	134.031333	134.031
134.531333	134.531333	134.531
135.031333	135.031333	135.031
135.531333	135.531333	135.531
136.031333	136.031333	136.031
136.531333	136.531333	136.531
137.031333	137.031333	137.031
137.531333	137.531333	137.531
138.031333	138.031333	138.031
138.531333	138.531333	138.531
139.031333	139.031333	139.031
139.531333	139.531333	139.531
140.031333	140.031333	140.031
140.531333	140.531333	140.531
141.031333	141.031333	141.031
141.531333	141.531333	141.531
142.031333	142.031333	142.031
142.531333	142.531333	142.531
143.031333	143.031333	143.031
143.531333	143.531333	143.531
144.031333	144.031333	144.031
144.531333	144.531333	144.531
145.031333	145.031333	145.031
145.531333	145.531333	145.531
146.031333	146.031333	146.031
146.531333	146.531333	146.531
147.031333	147.031333	147.031
147.531333	147.531333	147.531
148.031333	148.031333	148.031
148.531333	148.531333	148.531
149.031333	149.031333	149.031
149.531333	149.531333	149.531
150.031333	150.031333	150.031
150.531333	150.531333	150.531
151.031333	151.031333	151.031
151.531333	151.531333	151.531
152.031333	152.031333	152.031
152.531333	152.531333	152.531
153.031333	153.031333	153.031
153.531333	153.531333	153.531
154.031333	154.031333	154.031
154.531333	154.531333	154.531
155.031333	155.031333	155.031
155.531333	155.531333	155.531
156.031333	156.031333	156.031
156.531333	156.531333	156.531
157.031333	157.031333	157.031
157.531333	157.531333	157.531
158.031333	158.031333	158.031
158.531333	158.531333	158.531
159.031333	159.031333	159.031
159.531333	159.531333	159.531
160.031333	160.031333	160.031
160.531333	160.531333	160.531
161.031333	161.031333	161.031
161.531333	161.531333	161.531
162.031333	162.031333	162.031
162.531333	162.531333	162.531
163.031333	163.031333	163.031
163.531333	163.531333	163.531
164.031333	164.031333	164.031
164.531333	164.531333	164.531
165.031333	165.031333	165.031
165.531333	165.531333	165.531
166.031333	166.031333	166.031
166.531333	166.531333	166.531
167.031333	167.031333	167.031
167.531333	167.531333	167.531
168.061333	168.061333	168.061
168.541333	168.541333	168.541
169.081333	169.081333	169.081
169.581333	169.581333	169.581
170.081333	170.081333	170.081
170.571333	170.571333	170.571
171.071333	171.071333	171.071
171.621333	171.621333	171.621
172.251333	172.251333	172.251
172.791333	172.791333	172.791
173.291333	173.291333	173.291
173.791333	173.791333	173.791
174.291333	174.291333	174.291
174.791333	174.791333	174.791
175.281333	175.281333	175.281
175.781333	175.781333	175.781
176.281333	176.281333	176.281
176.781333	176.781333	176.781
177.281333	177.281333	177.281
177.781333	177.781333	177.781
178.281333	178.281333	178.281
178.781333	178.781333	178.781
179.281333	179.281333	179.281
179.781333	179.781333	179.781
180.291333	180.291333	180.291
180.781333	180.781333	180.781
181.281333	181.281333	181.281
181.751333	181.751333	181.751
182.221333	182.221333	182.221
182.791333	182.791333	182.791
183.281333	183.281333	183.281
183.821333	183.821333	183.821
184.301333	184.301333	184.301
184.781333	184.781333	184.781
185.281333	185.281333	185.281
185.781333	185.781333	185.781
186.411333	186.411333	186.411
186.951333	186.951333	186.951
187.491333	187.491333	187.491
188.031333	188.031333	188.031
188.531333	188.531333	188.531
189.031333	189.031333	189.031
189.531333	189.531333	189.531
190.031333	190.031333	190.031
190.531333	190.531333	190.531
191.031333	191.031333	191.031
191.531333	191.531333	191.531
192.031333	192.031333	192.031
192.531333	192.531333	192.531
193.031333	193.031333	193.031
193.531333	193.531333	193.531
194.031333	194.031333	194.031
194.531333	194.531333	194.531
195.031333	195.031333	195.031
195.531333	195.531333	195.531
196.031333	196.031333	196.031
196.531333	196.531333	196.531
197.031333	197.031333	197.031
197.531333	197.531333	197.531
198.031333	198.031333	198.031
198.531333	198.531333	198.531
199.031333	199.031333	199.031
199.531333	199.531333	199.531
200.031333	200.031333	200.031
200.531333	200.531333	200.531
201.031333	201.031333	201.031
201.531333	201.531333	201.531
202.031333	202.031333	202.031
202.531333	202.531333	202.531
