0.080292	0.080292	132.58 bpm
0.532854	0.532854	132.58 bpm
0.985417	0.985417	129.26 bpm
1.449583	1.449583	136.07 bpm
1.890542	1.890542	126.11 bpm
2.366312	2.366312	132.58 bpm
2.818875	2.818875	129.26 bpm
3.283042	3.283042	132.58 bpm
3.735604	3.735604	129.26 bpm
4.199771	4.199771	132.58 bpm
4.652333	4.652333	132.58 bpm
5.104896	5.104896	136.07 bpm
5.545854	5.545854	129.26 bpm
6.010021	6.010021	132.58 bpm
6.462583	6.462583	129.26 bpm
6.926750	6.926750	129.26 bpm
7.390917	7.390917	132.58 bpm
7.843479	7.843479	129.26 bpm
8.307646	8.307646	132.58 bpm
8.760208	8.760208	132.58 bpm
9.212771	9.212771	129.26 bpm
9.676937	9.676937	132.58 bpm
10.129500	10.129500	129.26 bpm
10.593667	10.593667	132.58 bpm
11.046229	11.046229	129.26 bpm
11.510396	11.510396	129.26 bpm
11.974562	11.974562	132.58 bpm
12.427125	12.427125	132.58 bpm
12.879687	12.879687	129.26 bpm
13.343854	13.343854	132.58 bpm
13.796417	13.796417	129.26 bpm
14.260583	14.260583	129.26 bpm
14.724750	14.724750	132.58 bpm
15.177312	15.177312	132.58 bpm
15.629875	15.629875	129.26 bpm
16.094042	16.094042	132.58 bpm
16.546604	16.546604	129.26 bpm
17.010771	17.010771	132.58 bpm
17.463333	17.463333	132.58 bpm
17.915896	17.915896	129.26 bpm
18.380062	18.380062	129.26 bpm
18.844229	18.844229	129.26 bpm
19.308396	19.308396	132.58 bpm
19.760958	19.760958	132.58 bpm
20.213521	20.213521	129.26 bpm
20.677687	20.677687	129.26 bpm
21.141854	21.141854	132.58 bpm
21.594417	21.594417	132.58 bpm
22.046979	22.046979	129.26 bpm
22.511146	22.511146	132.58 bpm
22.963708	22.963708	132.58 bpm
23.416271	23.416271	129.26 bpm
23.880437	23.880437	132.58 bpm
24.333000	24.333000	129.26 bpm
24.797167	24.797167	132.58 bpm
25.249729	25.249729	132.58 bpm
25.702292	25.702292	129.26 bpm
26.166458	26.166458	129.26 bpm
26.630625	26.630625	132.58 bpm
27.083187	27.083187	129.26 bpm
27.547354	27.547354	132.58 bpm
27.999917	27.999917	129.26 bpm
28.464083	28.464083	132.58 bpm
28.916646	28.916646	132.58 bpm
29.369208	29.369208	129.26 bpm
29.833375	29.833375	132.58 bpm
30.285937	30.285937	129.26 bpm
30.750104	30.750104	129.26 bpm
31.214271	31.214271	129.26 bpm
31.678437	31.678437	132.58 bpm
32.131000	32.131000	132.58 bpm
32.583562	32.583562	129.26 bpm
33.047729	33.047729	132.58 bpm
33.500292	33.500292	129.26 bpm
33.964458	33.964458	132.58 bpm
34.417021	34.417021	132.58 bpm
34.869583	34.869583	129.26 bpm
35.333750	35.333750	129.26 bpm
35.797917	35.797917	132.58 bpm
36.250479	36.250479	129.26 bpm
36.714646	36.714646	132.58 bpm
37.167208	37.167208	129.26 bpm
37.631375	37.631375	132.58 bpm
38.083937	38.083937	129.26 bpm
38.548104	38.548104	132.58 bpm
39.000667	39.000667	132.58 bpm
39.453229	39.453229	132.58 bpm
39.905792	39.905792	129.26 bpm
40.369958	40.369958	129.26 bpm
40.834125	40.834125	132.58 bpm
41.286687	41.286687	132.58 bpm
41.739250	41.739250	129.26 bpm
42.203417	42.203417	132.58 bpm
42.655979	42.655979	129.26 bpm
43.120146	43.120146	132.58 bpm
43.572708	43.572708	129.26 bpm
44.036875	44.036875	129.26 bpm
44.501042	44.501042	132.58 bpm
44.953604	44.953604	132.58 bpm
45.406167	45.406167	129.26 bpm
45.870333	45.870333	132.58 bpm
46.322896	46.322896	129.26 bpm
46.787062	46.787062	132.58 bpm
47.239625	47.239625	132.58 bpm
47.692187	47.692187	129.26 bpm
48.156354	48.156354	132.58 bpm
48.608917	48.608917	129.26 bpm
49.073083	49.073083	129.26 bpm
49.537250	49.537250	132.58 bpm
49.989812	49.989812	129.26 bpm
50.453979	50.453979	132.58 bpm
50.906542	50.906542	129.26 bpm
51.370708	51.370708	132.58 bpm
51.823271	51.823271	129.26 bpm
52.287437	52.287437	132.58 bpm
52.740000	52.740000	132.58 bpm
53.192562	53.192562	129.26 bpm
53.656729	53.656729	132.58 bpm
54.109292	54.109292	129.26 bpm
54.573458	54.573458	132.58 bpm
55.026021	55.026021	129.26 bpm
55.490187	55.490187	132.58 bpm
55.942750	55.942750	129.26 bpm
56.406917	56.406917	132.58 bpm
56.859479	56.859479	129.26 bpm
57.323646	57.323646	132.58 bpm
57.776208	57.776208	132.58 bpm
58.228771	58.228771	129.26 bpm
58.692937	58.692937	129.26 bpm
59.157104	59.157104	132.58 bpm
59.609667	59.609667	129.26 bpm
60.073833	60.073833	132.58 bpm
60.526396	60.526396	129.26 bpm
60.990562	60.990562	132.58 bpm
61.443125	61.443125	129.26 bpm
61.907292	61.907292	132.58 bpm
62.359854	62.359854	129.26 bpm
62.824021	62.824021	132.58 bpm
63.276583	63.276583	132.58 bpm
63.729146	63.729146	129.26 bpm
64.193312	64.193312	129.26 bpm
64.657479	64.657479	132.58 bpm
65.110042	65.110042	132.58 bpm
65.562604	65.562604	129.26 bpm
66.026771	66.026771	132.58 bpm
66.479333	66.479333	129.26 bpm
66.943500	66.943500	132.58 bpm
67.396062	67.396062	132.58 bpm
67.848625	67.848625	129.26 bpm
68.312792	68.312792	129.26 bpm
68.776958	68.776958	132.58 bpm
69.229521	69.229521	132.58 bpm
69.682083	69.682083	129.26 bpm
70.146250	70.146250	132.58 bpm
70.598812	70.598812	129.26 bpm
71.062979	71.062979	132.58 bpm
71.515542	71.515542	129.26 bpm
71.979708	71.979708	132.58 bpm
72.432271	72.432271	132.58 bpm
72.884833	72.884833	129.26 bpm
73.349000	73.349000	129.26 bpm
73.813167	73.813167	129.26 bpm
74.277333	74.277333	132.58 bpm
74.729896	74.729896	132.58 bpm
75.182458	75.182458	129.26 bpm
75.646625	75.646625	129.26 bpm
76.110792	76.110792	132.58 bpm
76.563354	76.563354	132.58 bpm
77.015917	77.015917	132.58 bpm
77.468479	77.468479	129.26 bpm
77.932646	77.932646	129.26 bpm
78.396812	78.396812	132.58 bpm
78.849375	78.849375	132.58 bpm
79.301937	79.301937	129.26 bpm
79.766104	79.766104	132.58 bpm
80.218667	80.218667	129.26 bpm
80.682833	80.682833	132.58 bpm
81.135396	81.135396	129.26 bpm
81.599562	81.599562	132.58 bpm
82.052125	82.052125	132.58 bpm
82.504687	82.504687	129.26 bpm
82.968854	82.968854	129.26 bpm
83.433021	83.433021	132.58 bpm
83.885583	83.885583	129.26 bpm
84.349750	84.349750	129.26 bpm
84.813917	84.813917	132.58 bpm
85.266479	85.266479	132.58 bpm
85.719042	85.719042	129.26 bpm
86.183208	86.183208	129.26 bpm
86.647375	86.647375	132.58 bpm
87.099937	87.099937	132.58 bpm
87.552500	87.552500	129.26 bpm
88.016667	88.016667	132.58 bpm
88.469229	88.469229	132.58 bpm
88.921792	88.921792	129.26 bpm
89.385958	89.385958	132.58 bpm
89.838521	89.838521	129.26 bpm
90.302687	90.302687	129.26 bpm
90.766854	90.766854	132.58 bpm
91.219417	91.219417	132.58 bpm
91.671979	91.671979	129.26 bpm
92.136146	92.136146	129.26 bpm
92.600312	92.600312	132.58 bpm
93.052875	93.052875	132.58 bpm
93.505437	93.505437	129.26 bpm
93.969604	93.969604	129.26 bpm
94.433771	94.433771	132.58 bpm
94.886333	94.886333	132.58 bpm
95.338896	95.338896	129.26 bpm
95.803062	95.803062	129.26 bpm
96.267229	96.267229	132.58 bpm
96.719792	96.719792	132.58 bpm
97.172354	97.172354	132.58 bpm
97.624917	97.624917	129.26 bpm
98.089083	98.089083	132.58 bpm
98.541646	98.541646	129.26 bpm
99.005812	99.005812	132.58 bpm
99.458375	99.458375	129.26 bpm
99.922542	99.922542	132.58 bpm
100.375104	100.375104	129.26 bpm
100.839271	100.839271	129.26 bpm
101.303437	101.303437	132.58 bpm
101.756000	101.756000	132.58 bpm
102.208562	102.208562	129.26 bpm
102.672729	102.672729	129.26 bpm
103.136896	103.136896	129.26 bpm
103.601062	103.601062	132.58 bpm
104.053625	104.053625	132.58 bpm
104.506187	104.506187	132.58 bpm
104.958750	104.958750	132.58 bpm
105.411312	105.411312	129.26 bpm
105.875479	105.875479	132.58 bpm
106.328042	106.328042	129.26 bpm
106.792208	106.792208	129.26 bpm
107.256375	107.256375	132.58 bpm
107.708937	107.708937	132.58 bpm
108.161500	108.161500	129.26 bpm
108.625667	108.625667	129.26 bpm
109.089833	109.089833	132.58 bpm
109.542396	109.542396	132.58 bpm
109.994958	109.994958	129.26 bpm
110.459125	110.459125	132.58 bpm
110.911687	110.911687	132.58 bpm
111.364250	111.364250	129.26 bpm
111.828417	111.828417	132.58 bpm
112.280979	112.280979	129.26 bpm
112.745146	112.745146	129.26 bpm
113.209312	113.209312	132.58 bpm
113.661875	113.661875	129.26 bpm
114.126042	114.126042	132.58 bpm
114.578604	114.578604	129.26 bpm
115.042771	115.042771	132.58 bpm
115.495333	115.495333	132.58 bpm
115.947896	115.947896	129.26 bpm
116.412062	116.412062	132.58 bpm
116.864625	116.864625	129.26 bpm
117.328792	117.328792	129.26 bpm
117.792958	117.792958	132.58 bpm
118.245521	118.245521	132.58 bpm
118.698083	118.698083	129.26 bpm
119.162250	119.162250	132.58 bpm
119.614812	119.614812	129.26 bpm
120.078979	120.078979	132.58 bpm
120.531542	120.531542	129.26 bpm
120.995708	120.995708	132.58 bpm
121.448271	121.448271	132.58 bpm
121.900833	121.900833	129.26 bpm
122.365000	122.365000	129.26 bpm
122.829167	122.829167	129.26 bpm
123.293333	123.293333	136.07 bpm
123.734292	123.734292	129.26 bpm
124.198458	124.198458	132.58 bpm
124.651021	124.651021	129.26 bpm
125.115187	125.115187	132.58 bpm
125.567750	125.567750	129.26 bpm
126.031917	126.031917	132.58 bpm
126.484479	126.484479	129.26 bpm
126.948646	126.948646	132.58 bpm
127.401208	127.401208	129.26 bpm
127.865375	127.865375	132.58 bpm
128.317937	128.317937	129.26 bpm
128.782104	128.782104	129.26 bpm
129.246271	129.246271	132.58 bpm
129.698833	129.698833	129.26 bpm
130.163000	130.163000	132.58 bpm
130.615562	130.615562	132.58 bpm
131.068125	131.068125	132.58 bpm
131.520687	131.520687	129.26 bpm
131.984854	131.984854	132.58 bpm
132.437417	132.437417	129.26 bpm
132.901583	132.901583	129.26 bpm
133.365750	133.365750	132.58 bpm
133.818312	133.818312	129.26 bpm
134.282479	134.282479	132.58 bpm
134.735042	134.735042	132.58 bpm
135.187604	135.187604	129.26 bpm
135.651771	135.651771	129.26 bpm
136.115937	136.115937	132.58 bpm
136.568500	136.568500	129.26 bpm
137.032667	137.032667	129.26 bpm
137.496833	137.496833	132.58 bpm
137.949396	137.949396	129.26 bpm
138.413562	138.413562	136.07 bpm
138.854521	138.854521	129.26 bpm
139.318687	139.318687	129.26 bpm
139.782854	139.782854	132.58 bpm
140.235417	140.235417	132.58 bpm
140.687979	140.687979	129.26 bpm
141.152146	141.152146	129.26 bpm
141.616312	141.616312	132.58 bpm
142.068875	142.068875	132.58 bpm
142.521437	142.521437	132.58 bpm
142.974000	142.974000	129.26 bpm
143.438167	143.438167	129.26 bpm
143.902333	143.902333	132.58 bpm
144.354896	144.354896	129.26 bpm
144.819062	144.819062	132.58 bpm
145.271625	145.271625	129.26 bpm
145.735792	145.735792	132.58 bpm
146.188354	146.188354	129.26 bpm
146.652521	146.652521	132.58 bpm
147.105083	147.105083	129.26 bpm
147.569250	147.569250	132.58 bpm
148.021812	148.021812	129.26 bpm
148.485979	148.485979	132.58 bpm
148.938542	148.938542	129.26 bpm
149.402708	149.402708	132.58 bpm
149.855271	149.855271	129.26 bpm
150.319437	150.319437	132.58 bpm
150.772000	150.772000	132.58 bpm
151.224562	151.224562	129.26 bpm
151.688729	151.688729	132.58 bpm
152.141292	152.141292	129.26 bpm
152.605458	152.605458	132.58 bpm
153.058021	153.058021	129.26 bpm
153.522187	153.522187	132.58 bpm
153.974750	153.974750	132.58 bpm
154.427312	154.427312	129.26 bpm
154.891479	154.891479	129.26 bpm
155.355646	155.355646	132.58 bpm
155.808208	155.808208	129.26 bpm
156.272375	156.272375	132.58 bpm
156.724937	156.724937	132.58 bpm
157.177500	157.177500	129.26 bpm
157.641667	157.641667	129.26 bpm
158.105833	158.105833	132.58 bpm
158.558396	158.558396	129.26 bpm
159.022562	159.022562	132.58 bpm
159.475125	159.475125	126.11 bpm
159.950896	159.950896	132.58 bpm
160.403458	160.403458	132.58 bpm
160.856021	160.856021	132.58 bpm
161.308583	161.308583	129.26 bpm
161.772750	161.772750	132.58 bpm
162.225312	162.225312	132.58 bpm
162.677875	162.677875	129.26 bpm
163.142042	163.142042	129.26 bpm
163.606208	163.606208	132.58 bpm
164.058771	164.058771	132.58 bpm
164.511333	164.511333	129.26 bpm
164.975500	164.975500	132.58 bpm
165.428062	165.428062	132.58 bpm
165.880625	165.880625	129.26 bpm
166.344792	166.344792	129.26 bpm
166.808958	166.808958	129.26 bpm
167.273125	167.273125	132.58 bpm
167.725687	167.725687	132.58 bpm
168.178250	168.178250	132.58 bpm
168.630812	168.630812	132.58 bpm
169.083375	169.083375	129.26 bpm
169.547542	169.547542	129.26 bpm
170.011708	170.011708	129.26 bpm
170.475875	170.475875	132.58 bpm
170.928437	170.928437	132.58 bpm
171.381000	171.381000	129.26 bpm
171.845167	171.845167	132.58 bpm
172.297729	172.297729	129.26 bpm
172.761896	172.761896	132.58 bpm
173.214458	173.214458	129.26 bpm
173.678625	173.678625	132.58 bpm
174.131187	174.131187	129.26 bpm
174.595354	174.595354	132.58 bpm
175.047917	175.047917	129.26 bpm
175.512083	175.512083	132.58 bpm
175.964646	175.964646	132.58 bpm
176.417208	176.417208	132.58 bpm
176.869771	176.869771	132.58 bpm
177.322333	177.322333	129.26 bpm
177.786500	177.786500	129.26 bpm
178.250667	178.250667	132.58 bpm
178.703229	178.703229	132.58 bpm
179.155792	179.155792	129.26 bpm
179.619958	179.619958	129.26 bpm
180.084125	180.084125	129.26 bpm
180.548292	180.548292	132.58 bpm
181.000854	181.000854	132.58 bpm
181.453417	181.453417	132.58 bpm
181.905979	181.905979	129.26 bpm
182.370146	182.370146	129.26 bpm
182.834312	182.834312	132.58 bpm
183.286875	183.286875	132.58 bpm
183.739437	183.739437	132.58 bpm
184.192000	184.192000	129.26 bpm
184.656167	184.656167	129.26 bpm
185.120333	185.120333	129.26 bpm
185.584500	185.584500	132.58 bpm
186.037062	186.037062	132.58 bpm
186.489625	186.489625	129.26 bpm
186.953792	186.953792	132.58 bpm
187.406354	187.406354	129.26 bpm
187.870521	187.870521	129.26 bpm
188.334687	188.334687	132.58 bpm
188.787250	188.787250	129.26 bpm
189.251417	189.251417	132.58 bpm
189.703979	189.703979	132.58 bpm
190.156542	190.156542	129.26 bpm
190.620708	190.620708	132.58 bpm
191.073271	191.073271	129.26 bpm
191.537437	191.537437	129.26 bpm
192.001604	192.001604	129.26 bpm
192.465771	192.465771	132.58 bpm
192.918333	192.918333	132.58 bpm
193.370896	193.370896	129.26 bpm
193.835062	193.835062	132.58 bpm
194.287625	194.287625	132.58 bpm
194.740187	194.740187	129.26 bpm
195.204354	195.204354	132.58 bpm
195.656917	195.656917	129.26 bpm
196.121083	196.121083	132.58 bpm
196.573646	196.573646	129.26 bpm
197.037812	197.037812	132.58 bpm
197.490375	197.490375	129.26 bpm
197.954542	197.954542	132.58 bpm
198.407104	198.407104	129.26 bpm
198.871271	198.871271	132.58 bpm
199.323833	199.323833	132.58 bpm
199.776396	199.776396	129.26 bpm
200.240562	200.240562	129.26 bpm
200.704729	200.704729	132.58 bpm
201.157292	201.157292	132.58 bpm
201.609854	201.609854	129.26 bpm
202.074021	202.074021	129.26 bpm
202.538187	202.538187	202.538
