0.486437	0.486437	123.11 bpm
0.973812	0.973812	123.11 bpm
1.461187	1.461187	123.11 bpm
1.948562	1.948562	123.11 bpm
2.435937	2.435937	123.11 bpm
2.923312	2.923312	123.11 bpm
3.410687	3.410687	123.11 bpm
3.898062	3.898062	123.11 bpm
4.385437	4.385437	123.11 bpm
4.872812	4.872812	123.11 bpm
5.360187	5.360187	123.11 bpm
5.847562	5.847562	123.11 bpm
6.334937	6.334937	123.11 bpm
6.822312	6.822312	123.11 bpm
7.309687	7.309687	123.11 bpm
7.797062	7.797062	123.11 bpm
8.284437	8.284437	123.11 bpm
8.771812	8.771812	123.11 bpm
9.259187	9.259187	123.11 bpm
9.746562	9.746562	123.11 bpm
10.233937	10.233937	123.11 bpm
10.721312	10.721312	123.11 bpm
11.208687	11.208687	123.11 bpm
11.696062	11.696062	123.11 bpm
12.183437	12.183437	123.11 bpm
12.670812	12.670812	123.11 bpm
13.158187	13.158187	123.11 bpm
13.645562	13.645562	120.25 bpm
14.144542	14.144542	123.11 bpm
14.631917	14.631917	123.11 bpm
15.119292	15.119292	123.11 bpm
15.606667	15.606667	123.11 bpm
16.094042	16.094042	123.11 bpm
16.581417	16.581417	123.11 bpm
17.068792	17.068792	123.11 bpm
17.556167	17.556167	123.11 bpm
18.043542	18.043542	123.11 bpm
18.530917	18.530917	123.11 bpm
19.018292	19.018292	123.11 bpm
19.505667	19.505667	123.11 bpm
19.993042	19.993042	123.11 bpm
20.480417	20.480417	123.11 bpm
20.967792	20.967792	123.11 bpm
21.455167	21.455167	123.11 bpm
21.942542	21.942542	123.11 bpm
22.429917	22.429917	123.11 bpm
22.917292	22.917292	123.11 bpm
23.404667	23.404667	123.11 bpm
23.892042	23.892042	123.11 bpm
24.379417	24.379417	123.11 bpm
24.866792	24.866792	123.11 bpm
25.354167	25.354167	123.11 bpm
25.841542	25.841542	123.11 bpm
26.328917	26.328917	123.11 bpm
26.816292	26.816292	123.11 bpm
27.303667	27.303667	123.11 bpm
27.791042	27.791042	123.11 bpm
28.278417	28.278417	123.11 bpm
28.765792	28.765792	123.11 bpm
29.253167	29.253167	120.25 bpm
29.752146	29.752146	123.11 bpm
30.239521	30.239521	123.11 bpm
30.726896	30.726896	123.11 bpm
31.214271	31.214271	123.11 bpm
31.701646	31.701646	123.11 bpm
32.189021	32.189021	123.11 bpm
32.676396	32.676396	123.11 bpm
33.163771	33.163771	123.11 bpm
33.651146	33.651146	123.11 bpm
34.138521	34.138521	123.11 bpm
34.625896	34.625896	123.11 bpm
35.113271	35.113271	123.11 bpm
35.600646	35.600646	123.11 bpm
36.088021	36.088021	123.11 bpm
36.575396	36.575396	123.11 bpm
37.062771	37.062771	123.11 bpm
37.550146	37.550146	123.11 bpm
38.037521	38.037521	123.11 bpm
38.524896	38.524896	123.11 bpm
39.012271	39.012271	123.11 bpm
39.499646	39.499646	123.11 bpm
39.987021	39.987021	123.11 bpm
40.474396	40.474396	123.11 bpm
40.961771	40.961771	120.25 bpm
41.460750	41.460750	123.11 bpm
41.948125	41.948125	123.11 bpm
42.435500	42.435500	126.11 bpm
42.911271	42.911271	120.25 bpm
43.410250	43.410250	123.11 bpm
43.897625	43.897625	123.11 bpm
44.385000	44.385000	123.11 bpm
44.872375	44.872375	123.11 bpm
45.359750	45.359750	123.11 bpm
45.847125	45.847125	123.11 bpm
46.334500	46.334500	123.11 bpm
46.821875	46.821875	123.11 bpm
47.309250	47.309250	123.11 bpm
47.796625	47.796625	123.11 bpm
48.284000	48.284000	123.11 bpm
48.771375	48.771375	123.11 bpm
49.258750	49.258750	123.11 bpm
49.746125	49.746125	123.11 bpm
50.233500	50.233500	123.11 bpm
50.720875	50.720875	123.11 bpm
51.208250	51.208250	123.11 bpm
51.695625	51.695625	123.11 bpm
52.183000	52.183000	123.11 bpm
52.670375	52.670375	120.25 bpm
53.169354	53.169354	123.11 bpm
53.656729	53.656729	123.11 bpm
54.144104	54.144104	123.11 bpm
54.631479	54.631479	123.11 bpm
55.118854	55.118854	123.11 bpm
55.606229	55.606229	123.11 bpm
56.093604	56.093604	123.11 bpm
56.580979	56.580979	123.11 bpm
57.068354	57.068354	123.11 bpm
57.555729	57.555729	123.11 bpm
58.043104	58.043104	123.11 bpm
58.530479	58.530479	123.11 bpm
59.017854	59.017854	123.11 bpm
59.505229	59.505229	123.11 bpm
59.992604	59.992604	123.11 bpm
60.479979	60.479979	123.11 bpm
60.967354	60.967354	123.11 bpm
61.454729	61.454729	123.11 bpm
61.942104	61.942104	123.11 bpm
62.429479	62.429479	123.11 bpm
62.916854	62.916854	123.11 bpm
63.404229	63.404229	123.11 bpm
63.891604	63.891604	123.11 bpm
64.378979	64.378979	123.11 bpm
64.866354	64.866354	123.11 bpm
65.353729	65.353729	123.11 bpm
65.841104	65.841104	123.11 bpm
66.328479	66.328479	123.11 bpm
66.815854	66.815854	123.11 bpm
67.303229	67.303229	123.11 bpm
67.790604	67.790604	123.11 bpm
68.277979	68.277979	120.25 bpm
68.776958	68.776958	123.11 bpm
69.264333	69.264333	126.11 bpm
69.740104	69.740104	123.11 bpm
70.227479	70.227479	123.11 bpm
70.714854	70.714854	120.25 bpm
71.213833	71.213833	123.11 bpm
71.701208	71.701208	123.11 bpm
72.188583	72.188583	123.11 bpm
72.675958	72.675958	123.11 bpm
73.163333	73.163333	123.11 bpm
73.650708	73.650708	123.11 bpm
74.138083	74.138083	123.11 bpm
74.625458	74.625458	123.11 bpm
75.112833	75.112833	123.11 bpm
75.600208	75.600208	123.11 bpm
76.087583	76.087583	123.11 bpm
76.574958	76.574958	123.11 bpm
77.062333	77.062333	123.11 bpm
77.549708	77.549708	123.11 bpm
78.037083	78.037083	123.11 bpm
78.524458	78.524458	123.11 bpm
79.011833	79.011833	123.11 bpm
79.499208	79.499208	123.11 bpm
79.986583	79.986583	120.25 bpm
80.485562	80.485562	123.11 bpm
80.972937	80.972937	123.11 bpm
81.460312	81.460312	123.11 bpm
81.947687	81.947687	123.11 bpm
82.435062	82.435062	123.11 bpm
82.922437	82.922437	123.11 bpm
83.409812	83.409812	123.11 bpm
83.897187	83.897187	123.11 bpm
84.384562	84.384562	123.11 bpm
84.871937	84.871937	123.11 bpm
85.359312	85.359312	123.11 bpm
85.846687	85.846687	123.11 bpm
86.334062	86.334062	123.11 bpm
86.821437	86.821437	123.11 bpm
87.308812	87.308812	123.11 bpm
87.796187	87.796187	123.11 bpm
88.283562	88.283562	123.11 bpm
88.770937	88.770937	123.11 bpm
89.258312	89.258312	123.11 bpm
89.745687	89.745687	123.11 bpm
90.233062	90.233062	123.11 bpm
90.720437	90.720437	123.11 bpm
91.207812	91.207812	123.11 bpm
91.695187	91.695187	123.11 bpm
92.182562	92.182562	120.25 bpm
92.681542	92.681542	123.11 bpm
93.168917	93.168917	123.11 bpm
93.656292	93.656292	123.11 bpm
94.143667	94.143667	123.11 bpm
94.631042	94.631042	123.11 bpm
95.118417	95.118417	123.11 bpm
95.605792	95.605792	123.11 bpm
96.093167	96.093167	123.11 bpm
96.580542	96.580542	123.11 bpm
97.067917	97.067917	123.11 bpm
97.555292	97.555292	123.11 bpm
98.042667	98.042667	123.11 bpm
98.530042	98.530042	123.11 bpm
99.017417	99.017417	123.11 bpm
99.504792	99.504792	123.11 bpm
99.992167	99.992167	123.11 bpm
100.479542	100.479542	123.11 bpm
100.966917	100.966917	126.11 bpm
101.442687	101.442687	120.25 bpm
101.941667	101.941667	123.11 bpm
102.429042	102.429042	123.11 bpm
102.916417	102.916417	123.11 bpm
103.403792	103.403792	123.11 bpm
103.891167	103.891167	123.11 bpm
104.378542	104.378542	123.11 bpm
104.865917	104.865917	123.11 bpm
105.353292	105.353292	120.25 bpm
105.852271	105.852271	123.11 bpm
106.339646	106.339646	123.11 bpm
106.827021	106.827021	123.11 bpm
107.314396	107.314396	123.11 bpm
107.801771	107.801771	123.11 bpm
108.289146	108.289146	123.11 bpm
108.776521	108.776521	126.11 bpm
109.252292	109.252292	120.25 bpm
109.751271	109.751271	123.11 bpm
110.238646	110.238646	123.11 bpm
110.726021	110.726021	123.11 bpm
111.213396	111.213396	123.11 bpm
111.700771	111.700771	123.11 bpm
112.188146	112.188146	123.11 bpm
112.675521	112.675521	123.11 bpm
113.162896	113.162896	123.11 bpm
113.650271	113.650271	123.11 bpm
114.137646	114.137646	123.11 bpm
114.625021	114.625021	123.11 bpm
115.112396	115.112396	123.11 bpm
115.599771	115.599771	123.11 bpm
116.087146	116.087146	123.11 bpm
116.574521	116.574521	123.11 bpm
117.061896	117.061896	123.11 bpm
117.549271	117.549271	123.11 bpm
118.036646	118.036646	123.11 bpm
118.524021	118.524021	120.25 bpm
119.023000	119.023000	123.11 bpm
119.510375	119.510375	126.11 bpm
119.986146	119.986146	123.11 bpm
120.473521	120.473521	123.11 bpm
120.960896	120.960896	123.11 bpm
121.448271	121.448271	123.11 bpm
121.935646	121.935646	120.25 bpm
122.434625	122.434625	123.11 bpm
122.922000	122.922000	123.11 bpm
123.409375	123.409375	123.11 bpm
123.896750	123.896750	123.11 bpm
124.384125	124.384125	123.11 bpm
124.871500	124.871500	123.11 bpm
125.358875	125.358875	123.11 bpm
125.846250	125.846250	123.11 bpm
126.333625	126.333625	123.11 bpm
126.821000	126.821000	123.11 bpm
127.308375	127.308375	123.11 bpm
127.795750	127.795750	123.11 bpm
128.283125	128.283125	123.11 bpm
128.770500	128.770500	123.11 bpm
129.257875	129.257875	123.11 bpm
129.745250	129.745250	123.11 bpm
130.232625	130.232625	123.11 bpm
130.720000	130.720000	123.11 bpm
131.207375	131.207375	123.11 bpm
131.694750	131.694750	123.11 bpm
132.182125	132.182125	123.11 bpm
132.669500	132.669500	123.11 bpm
133.156875	133.156875	120.25 bpm
133.655854	133.655854	161.58 bpm
134.027187	134.027187	166.79 bpm
134.386917	134.386917	166.79 bpm
134.746646	134.746646	166.79 bpm
135.106375	135.106375	156.68 bpm
135.489312	135.489312	156.68 bpm
135.872250	135.872250	156.68 bpm
136.255187	136.255187	156.68 bpm
136.638125	136.638125	161.58 bpm
137.009458	137.009458	161.58 bpm
137.380792	137.380792	156.68 bpm
137.763729	137.763729	156.68 bpm
138.146667	138.146667	156.68 bpm
138.529604	138.529604	156.68 bpm
138.912542	138.912542	152.08 bpm
139.307083	139.307083	156.68 bpm
139.690021	139.690021	156.68 bpm
140.072958	140.072958	152.08 bpm
140.467500	140.467500	152.08 bpm
140.862042	140.862042	152.08 bpm
141.256583	141.256583	152.08 bpm
141.651125	141.651125	152.08 bpm
142.045667	142.045667	156.68 bpm
142.428604	142.428604	156.68 bpm
142.811542	142.811542	156.68 bpm
143.194479	143.194479	152.08 bpm
143.589021	143.589021	152.08 bpm
143.983562	143.983562	120.25 bpm
144.482542	144.482542	120.25 bpm
144.981521	144.981521	120.25 bpm
145.480500	145.480500	120.25 bpm
145.979479	145.979479	123.11 bpm
146.466854	146.466854	126.11 bpm
146.942625	146.942625	126.11 bpm
147.418396	147.418396	129.26 bpm
147.882562	147.882562	129.26 bpm
148.346729	148.346729	126.11 bpm
148.822500	148.822500	126.11 bpm
149.298271	149.298271	129.26 bpm
149.762437	149.762437	126.11 bpm
150.238208	150.238208	123.11 bpm
150.725583	150.725583	123.11 bpm
151.212958	151.212958	123.11 bpm
151.700333	151.700333	123.11 bpm
152.187708	152.187708	123.11 bpm
152.675083	152.675083	123.11 bpm
153.162458	153.162458	123.11 bpm
153.649833	153.649833	123.11 bpm
154.137208	154.137208	123.11 bpm
154.624583	154.624583	123.11 bpm
155.111958	155.111958	123.11 bpm
155.599333	155.599333	123.11 bpm
156.086708	156.086708	123.11 bpm
156.574083	156.574083	123.11 bpm
157.061458	157.061458	123.11 bpm
157.548833	157.548833	123.11 bpm
158.036208	158.036208	120.25 bpm
158.535187	158.535187	123.11 bpm
159.022562	159.022562	123.11 bpm
159.509937	159.509937	126.11 bpm
159.985708	159.985708	120.25 bpm
160.484687	160.484687	123.11 bpm
160.972062	160.972062	123.11 bpm
161.459437	161.459437	123.11 bpm
161.946812	161.946812	123.11 bpm
162.434187	162.434187	123.11 bpm
162.921562	162.921562	123.11 bpm
163.408937	163.408937	123.11 bpm
163.896312	163.896312	123.11 bpm
164.383687	164.383687	123.11 bpm
164.871062	164.871062	123.11 bpm
165.358437	165.358437	123.11 bpm
165.845812	165.845812	123.11 bpm
166.333187	166.333187	123.11 bpm
166.820562	166.820562	123.11 bpm
167.307937	167.307937	123.11 bpm
167.795312	167.795312	123.11 bpm
168.282687	168.282687	123.11 bpm
168.770062	168.770062	123.11 bpm
169.257437	169.257437	123.11 bpm
169.744812	169.744812	123.11 bpm
170.232187	170.232187	123.11 bpm
170.719562	170.719562	123.11 bpm
171.206937	171.206937	123.11 bpm
171.694312	171.694312	120.25 bpm
172.193292	172.193292	123.11 bpm
172.680667	172.680667	123.11 bpm
173.168042	173.168042	123.11 bpm
173.655417	173.655417	123.11 bpm
174.142792	174.142792	123.11 bpm
174.630167	174.630167	123.11 bpm
175.117542	175.117542	123.11 bpm
175.604917	175.604917	123.11 bpm
176.092292	176.092292	123.11 bpm
176.579667	176.579667	123.11 bpm
177.067042	177.067042	123.11 bpm
177.554417	177.554417	123.11 bpm
178.041792	178.041792	123.11 bpm
178.529167	178.529167	123.11 bpm
179.016542	179.016542	123.11 bpm
179.503917	179.503917	123.11 bpm
179.991292	179.991292	123.11 bpm
180.478667	180.478667	123.11 bpm
180.966042	180.966042	123.11 bpm
181.453417	181.453417	123.11 bpm
181.940792	181.940792	123.11 bpm
182.428167	182.428167	123.11 bpm
182.915542	182.915542	123.11 bpm
183.402917	183.402917	123.11 bpm
183.890292	183.890292	123.11 bpm
184.377667	184.377667	123.11 bpm
184.865042	184.865042	123.11 bpm
185.352417	185.352417	123.11 bpm
185.839792	185.839792	123.11 bpm
186.327167	186.327167	123.11 bpm
186.814542	186.814542	123.11 bpm
187.301917	187.301917	120.25 bpm
187.800896	187.800896	123.11 bpm
188.288271	188.288271	123.11 bpm
188.775646	188.775646	123.11 bpm
189.263021	189.263021	123.11 bpm
189.750396	189.750396	123.11 bpm
190.237771	190.237771	123.11 bpm
190.725146	190.725146	123.11 bpm
191.212521	191.212521	123.11 bpm
191.699896	191.699896	123.11 bpm
192.187271	192.187271	123.11 bpm
192.674646	192.674646	123.11 bpm
193.162021	193.162021	123.11 bpm
193.649396	193.649396	123.11 bpm
194.136771	194.136771	126.11 bpm
194.612542	194.612542	123.11 bpm
195.099917	195.099917	120.25 bpm
195.598896	195.598896	123.11 bpm
196.086271	196.086271	123.11 bpm
196.573646	196.573646	123.11 bpm
197.061021	197.061021	123.11 bpm
197.548396	197.548396	123.11 bpm
198.035771	198.035771	123.11 bpm
198.523146	198.523146	123.11 bpm
199.010521	199.010521	120.25 bpm
199.509500	199.509500	123.11 bpm
199.996875	199.996875	123.11 bpm
200.484250	200.484250	123.11 bpm
200.971625	200.971625	123.11 bpm
201.459000	201.459000	123.11 bpm
201.946375	201.946375	123.11 bpm
202.433750	202.433750	123.11 bpm
202.921125	202.921125	202.921
