0.254354	0.254354	132.58 bpm
0.706917	0.706917	132.58 bpm
1.159479	1.159479	129.26 bpm
1.623646	1.623646	129.26 bpm
2.087812	2.087812	132.58 bpm
2.540375	2.540375	129.26 bpm
3.004542	3.004542	129.26 bpm
3.468708	3.468708	129.26 bpm
3.932875	3.932875	132.58 bpm
4.385437	4.385437	126.11 bpm
4.861208	4.861208	132.58 bpm
5.313771	5.313771	129.26 bpm
5.777937	5.777937	129.26 bpm
6.242104	6.242104	132.58 bpm
6.694667	6.694667	136.07 bpm
7.135625	7.135625	126.11 bpm
7.611396	7.611396	132.58 bpm
8.063958	8.063958	126.11 bpm
8.539729	8.539729	129.26 bpm
9.003896	9.003896	132.58 bpm
9.456458	9.456458	132.58 bpm
9.909021	9.909021	129.26 bpm
10.373187	10.373187	129.26 bpm
10.837354	10.837354	126.11 bpm
11.313125	11.313125	132.58 bpm
11.765687	11.765687	129.26 bpm
12.229854	12.229854	129.26 bpm
12.694021	12.694021	132.58 bpm
13.146583	13.146583	132.58 bpm
13.599146	13.599146	126.11 bpm
14.074917	14.074917	123.11 bpm
14.562292	14.562292	129.26 bpm
15.026458	15.026458	132.58 bpm
15.479021	15.479021	132.58 bpm
15.931583	15.931583	132.58 bpm
16.384146	16.384146	129.26 bpm
16.848312	16.848312	129.26 bpm
17.312479	17.312479	132.58 bpm
17.765042	17.765042	129.26 bpm
18.229208	18.229208	129.26 bpm
18.693375	18.693375	129.26 bpm
19.157542	19.157542	132.58 bpm
19.610104	19.610104	129.26 bpm
20.074271	20.074271	129.26 bpm
20.538437	20.538437	129.26 bpm
21.002604	21.002604	129.26 bpm
21.466771	21.466771	126.11 bpm
21.942542	21.942542	136.07 bpm
22.383500	22.383500	129.26 bpm
22.847667	22.847667	132.58 bpm
23.300229	23.300229	129.26 bpm
23.764396	23.764396	129.26 bpm
24.228562	24.228562	132.58 bpm
24.681125	24.681125	129.26 bpm
25.145292	25.145292	129.26 bpm
25.609458	25.609458	129.26 bpm
26.073625	26.073625	129.26 bpm
26.537792	26.537792	132.58 bpm
26.990354	26.990354	129.26 bpm
27.454521	27.454521	129.26 bpm
27.918687	27.918687	132.58 bpm
28.371250	28.371250	129.26 bpm
28.835417	28.835417	129.26 bpm
29.299583	29.299583	132.58 bpm
29.752146	29.752146	129.26 bpm
30.216312	30.216312	129.26 bpm
30.680479	30.680479	132.58 bpm
31.133042	31.133042	129.26 bpm
31.597208	31.597208	129.26 bpm
32.061375	32.061375	129.26 bpm
32.525542	32.525542	132.58 bpm
32.978104	32.978104	129.26 bpm
33.442271	33.442271	129.26 bpm
33.906437	33.906437	132.58 bpm
34.359000	34.359000	129.26 bpm
34.823167	34.823167	129.26 bpm
35.287333	35.287333	129.26 bpm
35.751500	35.751500	132.58 bpm
36.204062	36.204062	129.26 bpm
36.668229	36.668229	129.26 bpm
37.132396	37.132396	129.26 bpm
37.596562	37.596562	132.58 bpm
38.049125	38.049125	129.26 bpm
38.513292	38.513292	129.26 bpm
38.977458	38.977458	132.58 bpm
39.430021	39.430021	129.26 bpm
39.894187	39.894187	129.26 bpm
40.358354	40.358354	129.26 bpm
40.822521	40.822521	132.58 bpm
41.275083	41.275083	129.26 bpm
41.739250	41.739250	129.26 bpm
42.203417	42.203417	129.26 bpm
42.667583	42.667583	132.58 bpm
43.120146	43.120146	129.26 bpm
43.584312	43.584312	129.26 bpm
44.048479	44.048479	129.26 bpm
44.512646	44.512646	132.58 bpm
44.965208	44.965208	129.26 bpm
45.429375	45.429375	129.26 bpm
45.893542	45.893542	129.26 bpm
46.357708	46.357708	132.58 bpm
46.810271	46.810271	129.26 bpm
47.274437	47.274437	129.26 bpm
47.738604	47.738604	132.58 bpm
48.191167	48.191167	129.26 bpm
48.655333	48.655333	129.26 bpm
49.119500	49.119500	129.26 bpm
49.583667	49.583667	129.26 bpm
50.047833	50.047833	132.58 bpm
50.500396	50.500396	129.26 bpm
50.964562	50.964562	129.26 bpm
51.428729	51.428729	132.58 bpm
51.881292	51.881292	129.26 bpm
52.345458	52.345458	129.26 bpm
52.809625	52.809625	129.26 bpm
53.273792	53.273792	132.58 bpm
53.726354	53.726354	129.26 bpm
54.190521	54.190521	129.26 bpm
54.654687	54.654687	129.26 bpm
55.118854	55.118854	132.58 bpm
55.571417	55.571417	129.26 bpm
56.035583	56.035583	129.26 bpm
56.499750	56.499750	132.58 bpm
56.952312	56.952312	129.26 bpm
57.416479	57.416479	129.26 bpm
57.880646	57.880646	129.26 bpm
58.344812	58.344812	132.58 bpm
58.797375	58.797375	129.26 bpm
59.261542	59.261542	129.26 bpm
59.725708	59.725708	129.26 bpm
60.189875	60.189875	132.58 bpm
60.642437	60.642437	129.26 bpm
61.106604	61.106604	129.26 bpm
61.570771	61.570771	129.26 bpm
62.034937	62.034937	132.58 bpm
62.487500	62.487500	129.26 bpm
62.951667	62.951667	129.26 bpm
63.415833	63.415833	129.26 bpm
63.880000	63.880000	132.58 bpm
64.332562	64.332562	129.26 bpm
64.796729	64.796729	132.58 bpm
65.249292	65.249292	129.26 bpm
65.713458	65.713458	129.26 bpm
66.177625	66.177625	129.26 bpm
66.641792	66.641792	129.26 bpm
67.105958	67.105958	132.58 bpm
67.558521	67.558521	129.26 bpm
68.022687	68.022687	129.26 bpm
68.486854	68.486854	132.58 bpm
68.939417	68.939417	129.26 bpm
69.403583	69.403583	129.26 bpm
69.867750	69.867750	129.26 bpm
70.331917	70.331917	132.58 bpm
70.784479	70.784479	129.26 bpm
71.248646	71.248646	129.26 bpm
71.712812	71.712812	129.26 bpm
72.176979	72.176979	132.58 bpm
72.629542	72.629542	129.26 bpm
73.093708	73.093708	129.26 bpm
73.557875	73.557875	129.26 bpm
74.022042	74.022042	129.26 bpm
74.486208	74.486208	132.58 bpm
74.938771	74.938771	129.26 bpm
75.402937	75.402937	129.26 bpm
75.867104	75.867104	132.58 bpm
76.319667	76.319667	129.26 bpm
76.783833	76.783833	129.26 bpm
77.248000	77.248000	129.26 bpm
77.712167	77.712167	132.58 bpm
78.164729	78.164729	129.26 bpm
78.628896	78.628896	129.26 bpm
79.093062	79.093062	132.58 bpm
79.545625	79.545625	129.26 bpm
80.009792	80.009792	129.26 bpm
80.473958	80.473958	129.26 bpm
80.938125	80.938125	132.58 bpm
81.390687	81.390687	129.26 bpm
81.854854	81.854854	129.26 bpm
82.319021	82.319021	129.26 bpm
82.783187	82.783187	132.58 bpm
83.235750	83.235750	129.26 bpm
83.699917	83.699917	129.26 bpm
84.164083	84.164083	129.26 bpm
84.628250	84.628250	132.58 bpm
85.080812	85.080812	129.26 bpm
85.544979	85.544979	129.26 bpm
86.009146	86.009146	132.58 bpm
86.461708	86.461708	129.26 bpm
86.925875	86.925875	129.26 bpm
87.390042	87.390042	129.26 bpm
87.854208	87.854208	132.58 bpm
88.306771	88.306771	129.26 bpm
88.770937	88.770937	129.26 bpm
89.235104	89.235104	129.26 bpm
89.699271	89.699271	132.58 bpm
90.151833	90.151833	129.26 bpm
90.616000	90.616000	129.26 bpm
91.080167	91.080167	129.26 bpm
91.544333	91.544333	132.58 bpm
91.996896	91.996896	129.26 bpm
92.461062	92.461062	129.26 bpm
92.925229	92.925229	132.58 bpm
93.377792	93.377792	129.26 bpm
93.841958	93.841958	129.26 bpm
94.306125	94.306125	129.26 bpm
94.770292	94.770292	132.58 bpm
95.222854	95.222854	129.26 bpm
95.687021	95.687021	129.26 bpm
96.151187	96.151187	129.26 bpm
96.615354	96.615354	132.58 bpm
97.067917	97.067917	129.26 bpm
97.532083	97.532083	129.26 bpm
97.996250	97.996250	132.58 bpm
98.448812	98.448812	129.26 bpm
98.912979	98.912979	129.26 bpm
99.377146	99.377146	129.26 bpm
99.841312	99.841312	132.58 bpm
100.293875	100.293875	129.26 bpm
100.758042	100.758042	129.26 bpm
101.222208	101.222208	129.26 bpm
101.686375	101.686375	132.58 bpm
102.138937	102.138937	129.26 bpm
102.603104	102.603104	129.26 bpm
103.067271	103.067271	129.26 bpm
103.531437	103.531437	132.58 bpm
103.984000	103.984000	129.26 bpm
104.448167	104.448167	129.26 bpm
104.912333	104.912333	129.26 bpm
105.376500	105.376500	132.58 bpm
105.829062	105.829062	129.26 bpm
106.293229	106.293229	129.26 bpm
106.757396	106.757396	129.26 bpm
107.221562	107.221562	132.58 bpm
107.674125	107.674125	129.26 bpm
108.138292	108.138292	129.26 bpm
108.602458	108.602458	129.26 bpm
109.066625	109.066625	132.58 bpm
109.519187	109.519187	129.26 bpm
109.983354	109.983354	129.26 bpm
110.447521	110.447521	132.58 bpm
110.900083	110.900083	129.26 bpm
111.364250	111.364250	129.26 bpm
111.828417	111.828417	129.26 bpm
112.292583	112.292583	132.58 bpm
112.745146	112.745146	129.26 bpm
113.209312	113.209312	129.26 bpm
113.673479	113.673479	132.58 bpm
114.126042	114.126042	129.26 bpm
114.590208	114.590208	129.26 bpm
115.054375	115.054375	129.26 bpm
115.518542	115.518542	132.58 bpm
115.971104	115.971104	129.26 bpm
116.435271	116.435271	129.26 bpm
116.899437	116.899437	129.26 bpm
117.363604	117.363604	132.58 bpm
117.816167	117.816167	129.26 bpm
118.280333	118.280333	129.26 bpm
118.744500	118.744500	132.58 bpm
119.197062	119.197062	132.58 bpm
119.649625	119.649625	129.26 bpm
120.113792	120.113792	126.11 bpm
120.589562	120.589562	129.26 bpm
121.053729	121.053729	132.58 bpm
121.506292	121.506292	129.26 bpm
121.970458	121.970458	129.26 bpm
122.434625	122.434625	129.26 bpm
122.898792	122.898792	132.58 bpm
123.351354	123.351354	129.26 bpm
123.815521	123.815521	129.26 bpm
124.279687	124.279687	129.26 bpm
124.743854	124.743854	132.58 bpm
125.196417	125.196417	129.26 bpm
125.660583	125.660583	129.26 bpm
126.124750	126.124750	132.58 bpm
126.577312	126.577312	129.26 bpm
127.041479	127.041479	129.26 bpm
127.505646	127.505646	132.58 bpm
127.958208	127.958208	129.26 bpm
128.422375	128.422375	129.26 bpm
128.886542	128.886542	129.26 bpm
129.350708	129.350708	129.26 bpm
129.814875	129.814875	132.58 bpm
130.267437	130.267437	129.26 bpm
130.731604	130.731604	129.26 bpm
131.195771	131.195771	132.58 bpm
131.648333	131.648333	129.26 bpm
132.112500	132.112500	129.26 bpm
132.576667	132.576667	129.26 bpm
133.040833	133.040833	132.58 bpm
133.493396	133.493396	129.26 bpm
133.957562	133.957562	129.26 bpm
134.421729	134.421729	129.26 bpm
134.885896	134.885896	132.58 bpm
135.338458	135.338458	129.26 bpm
135.802625	135.802625	129.26 bpm
136.266792	136.266792	129.26 bpm
136.730958	136.730958	132.58 bpm
137.183521	137.183521	129.26 bpm
137.647687	137.647687	129.26 bpm
138.111854	138.111854	129.26 bpm
138.576021	138.576021	132.58 bpm
139.028583	139.028583	129.26 bpm
139.492750	139.492750	129.26 bpm
139.956917	139.956917	132.58 bpm
140.409479	140.409479	129.26 bpm
140.873646	140.873646	129.26 bpm
141.337812	141.337812	129.26 bpm
141.801979	141.801979	132.58 bpm
142.254542	142.254542	129.26 bpm
142.718708	142.718708	129.26 bpm
143.182875	143.182875	132.58 bpm
143.635437	143.635437	129.26 bpm
144.099604	144.099604	129.26 bpm
144.563771	144.563771	129.26 bpm
145.027937	145.027937	132.58 bpm
145.480500	145.480500	129.26 bpm
145.944667	145.944667	129.26 bpm
146.408833	146.408833	129.26 bpm
146.873000	146.873000	129.26 bpm
147.337167	147.337167	132.58 bpm
147.789729	147.789729	129.26 bpm
148.253896	148.253896	129.26 bpm
148.718062	148.718062	129.26 bpm
149.182229	149.182229	129.26 bpm
149.646396	149.646396	129.26 bpm
150.110562	150.110562	132.58 bpm
150.563125	150.563125	129.26 bpm
151.027292	151.027292	132.58 bpm
151.479854	151.479854	129.26 bpm
151.944021	151.944021	129.26 bpm
152.408187	152.408187	129.26 bpm
152.872354	152.872354	132.58 bpm
153.324917	153.324917	129.26 bpm
153.789083	153.789083	129.26 bpm
154.253250	154.253250	129.26 bpm
154.717417	154.717417	132.58 bpm
155.169979	155.169979	129.26 bpm
155.634146	155.634146	129.26 bpm
156.098312	156.098312	129.26 bpm
156.562479	156.562479	132.58 bpm
157.015042	157.015042	129.26 bpm
157.479208	157.479208	129.26 bpm
157.943375	157.943375	129.26 bpm
158.407542	158.407542	132.58 bpm
158.860104	158.860104	129.26 bpm
159.324271	159.324271	129.26 bpm
159.788437	159.788437	132.58 bpm
160.241000	160.241000	129.26 bpm
160.705167	160.705167	129.26 bpm
161.169333	161.169333	129.26 bpm
161.633500	161.633500	129.26 bpm
162.097667	162.097667	132.58 bpm
162.550229	162.550229	129.26 bpm
163.014396	163.014396	129.26 bpm
163.478562	163.478562	126.11 bpm
163.954333	163.954333	136.07 bpm
164.395292	164.395292	132.58 bpm
164.847854	164.847854	129.26 bpm
165.312021	165.312021	129.26 bpm
165.776187	165.776187	129.26 bpm
166.240354	166.240354	129.26 bpm
166.704521	166.704521	132.58 bpm
167.157083	167.157083	129.26 bpm
167.621250	167.621250	129.26 bpm
168.085417	168.085417	129.26 bpm
168.549583	168.549583	132.58 bpm
169.002146	169.002146	129.26 bpm
169.466312	169.466312	129.26 bpm
169.930479	169.930479	129.26 bpm
170.394646	170.394646	132.58 bpm
170.847208	170.847208	129.26 bpm
171.311375	171.311375	129.26 bpm
171.775542	171.775542	129.26 bpm
172.239708	172.239708	132.58 bpm
172.692271	172.692271	129.26 bpm
173.156437	173.156437	129.26 bpm
173.620604	173.620604	129.26 bpm
174.084771	174.084771	132.58 bpm
174.537333	174.537333	129.26 bpm
175.001500	175.001500	129.26 bpm
175.465667	175.465667	132.58 bpm
175.918229	175.918229	129.26 bpm
176.382396	176.382396	129.26 bpm
176.846562	176.846562	129.26 bpm
177.310729	177.310729	132.58 bpm
177.763292	177.763292	129.26 bpm
178.227458	178.227458	132.58 bpm
178.680021	178.680021	129.26 bpm
179.144187	179.144187	129.26 bpm
179.608354	179.608354	129.26 bpm
180.072521	180.072521	132.58 bpm
180.525083	180.525083	129.26 bpm
180.989250	180.989250	129.26 bpm
181.453417	181.453417	129.26 bpm
181.917583	181.917583	132.58 bpm
182.370146	182.370146	129.26 bpm
182.834312	182.834312	129.26 bpm
183.298479	183.298479	132.58 bpm
183.751042	183.751042	129.26 bpm
184.215208	184.215208	129.26 bpm
184.679375	184.679375	129.26 bpm
185.143542	185.143542	132.58 bpm
185.596104	185.596104	129.26 bpm
186.060271	186.060271	129.26 bpm
186.524437	186.524437	129.26 bpm
186.988604	186.988604	132.58 bpm
187.441167	187.441167	129.26 bpm
187.905333	187.905333	129.26 bpm
188.369500	188.369500	129.26 bpm
188.833667	188.833667	132.58 bpm
189.286229	189.286229	129.26 bpm
189.750396	189.750396	129.26 bpm
190.214562	190.214562	132.58 bpm
190.667125	190.667125	129.26 bpm
191.131292	191.131292	129.26 bpm
191.595458	191.595458	129.26 bpm
192.059625	192.059625	132.58 bpm
192.512187	192.512187	129.26 bpm
192.976354	192.976354	129.26 bpm
193.440521	193.440521	132.58 bpm
193.893083	193.893083	129.26 bpm
194.357250	194.357250	129.26 bpm
194.821417	194.821417	129.26 bpm
195.285583	195.285583	129.26 bpm
195.749750	195.749750	132.58 bpm
196.202312	196.202312	129.26 bpm
196.666479	196.666479	129.26 bpm
197.130646	197.130646	132.58 bpm
197.583208	197.583208	129.26 bpm
198.047375	198.047375	129.26 bpm
198.511542	198.511542	129.26 bpm
198.975708	198.975708	129.26 bpm
199.439875	199.439875	132.58 bpm
199.892437	199.892437	129.26 bpm
200.356604	200.356604	129.26 bpm
200.820771	200.820771	132.58 bpm
201.273333	201.273333	129.26 bpm
201.737500	201.737500	129.26 bpm
202.201667	202.201667	132.58 bpm
202.654229	202.654229	202.654
