0.022271	0.022271	117.51 bpm
0.532854	0.532854	117.51 bpm
1.043437	1.043437	123.11 bpm
1.530812	1.530812	120.25 bpm
2.029792	2.029792	126.11 bpm
2.505562	2.505562	120.25 bpm
3.004542	3.004542	117.51 bpm
3.515125	3.515125	117.51 bpm
4.025708	4.025708	126.11 bpm
4.501479	4.501479	120.25 bpm
5.000458	5.000458	120.25 bpm
5.499437	5.499437	114.90 bpm
6.021625	6.021625	123.11 bpm
6.509000	6.509000	120.25 bpm
7.007979	7.007979	117.51 bpm
7.518562	7.518562	117.51 bpm
8.029146	8.029146	117.51 bpm
8.539729	8.539729	117.51 bpm
9.050312	9.050312	117.51 bpm
9.560896	9.560896	123.11 bpm
10.048271	10.048271	120.25 bpm
10.547250	10.547250	120.25 bpm
11.046229	11.046229	120.25 bpm
11.545208	11.545208	117.51 bpm
12.055792	12.055792	120.25 bpm
12.554771	12.554771	120.25 bpm
13.053750	13.053750	120.25 bpm
13.552729	13.552729	129.26 bpm
14.016896	14.016896	120.25 bpm
14.515875	14.515875	120.25 bpm
15.014854	15.014854	120.25 bpm
15.513833	15.513833	117.51 bpm
16.024417	16.024417	120.25 bpm
16.523396	16.523396	120.25 bpm
17.022375	17.022375	120.25 bpm
17.521354	17.521354	117.51 bpm
18.031937	18.031937	123.11 bpm
18.519312	18.519312	120.25 bpm
19.018292	19.018292	120.25 bpm
19.517271	19.517271	117.51 bpm
20.027854	20.027854	120.25 bpm
20.526833	20.526833	117.51 bpm
21.037417	21.037417	120.25 bpm
21.536396	21.536396	120.25 bpm
22.035375	22.035375	120.25 bpm
22.534354	22.534354	123.11 bpm
23.021729	23.021729	120.25 bpm
23.520708	23.520708	120.25 bpm
24.019687	24.019687	117.51 bpm
24.530271	24.530271	120.25 bpm
25.029250	25.029250	120.25 bpm
25.528229	25.528229	120.25 bpm
26.027208	26.027208	120.25 bpm
26.526187	26.526187	120.25 bpm
27.025167	27.025167	120.25 bpm
27.524146	27.524146	120.25 bpm
28.023125	28.023125	120.25 bpm
28.522104	28.522104	120.25 bpm
29.021083	29.021083	117.51 bpm
29.531667	29.531667	120.25 bpm
30.030646	30.030646	120.25 bpm
30.529625	30.529625	120.25 bpm
31.028604	31.028604	120.25 bpm
31.527583	31.527583	120.25 bpm
32.026562	32.026562	120.25 bpm
32.525542	32.525542	120.25 bpm
33.024521	33.024521	120.25 bpm
33.523500	33.523500	120.25 bpm
34.022479	34.022479	120.25 bpm
34.521458	34.521458	120.25 bpm
35.020437	35.020437	120.25 bpm
35.519417	35.519417	117.51 bpm
36.030000	36.030000	120.25 bpm
36.528979	36.528979	120.25 bpm
37.027958	37.027958	120.25 bpm
37.526937	37.526937	120.25 bpm
38.025917	38.025917	120.25 bpm
38.524896	38.524896	120.25 bpm
39.023875	39.023875	120.25 bpm
39.522854	39.522854	120.25 bpm
40.021833	40.021833	117.51 bpm
40.532417	40.532417	120.25 bpm
41.031396	41.031396	120.25 bpm
41.530375	41.530375	120.25 bpm
42.029354	42.029354	120.25 bpm
42.528333	42.528333	120.25 bpm
43.027312	43.027312	120.25 bpm
43.526292	43.526292	120.25 bpm
44.025271	44.025271	120.25 bpm
44.524250	44.524250	120.25 bpm
45.023229	45.023229	120.25 bpm
45.522208	45.522208	120.25 bpm
46.021187	46.021187	117.51 bpm
46.531771	46.531771	120.25 bpm
47.030750	47.030750	120.25 bpm
47.529729	47.529729	120.25 bpm
48.028708	48.028708	117.51 bpm
48.539292	48.539292	117.51 bpm
49.049875	49.049875	117.51 bpm
49.560458	49.560458	123.11 bpm
50.047833	50.047833	120.25 bpm
50.546812	50.546812	120.25 bpm
51.045792	51.045792	120.25 bpm
51.544771	51.544771	117.51 bpm
52.055354	52.055354	120.25 bpm
52.554333	52.554333	120.25 bpm
53.053312	53.053312	120.25 bpm
53.552292	53.552292	120.25 bpm
54.051271	54.051271	120.25 bpm
54.550250	54.550250	123.11 bpm
55.037625	55.037625	120.25 bpm
55.536604	55.536604	120.25 bpm
56.035583	56.035583	120.25 bpm
56.534562	56.534562	120.25 bpm
57.033542	57.033542	123.11 bpm
57.520917	57.520917	117.51 bpm
58.031500	58.031500	123.11 bpm
58.518875	58.518875	120.25 bpm
59.017854	59.017854	120.25 bpm
59.516833	59.516833	117.51 bpm
60.027417	60.027417	120.25 bpm
60.526396	60.526396	117.51 bpm
61.036979	61.036979	120.25 bpm
61.535958	61.535958	120.25 bpm
62.034937	62.034937	123.11 bpm
62.522312	62.522312	123.11 bpm
63.009687	63.009687	117.51 bpm
63.520271	63.520271	120.25 bpm
64.019250	64.019250	117.51 bpm
64.529833	64.529833	123.11 bpm
65.017208	65.017208	117.51 bpm
65.527792	65.527792	120.25 bpm
66.026771	66.026771	120.25 bpm
66.525750	66.525750	120.25 bpm
67.024729	67.024729	120.25 bpm
67.523708	67.523708	120.25 bpm
68.022687	68.022687	120.25 bpm
68.521667	68.521667	120.25 bpm
69.020646	69.020646	120.25 bpm
69.519625	69.519625	120.25 bpm
70.018604	70.018604	117.51 bpm
70.529187	70.529187	120.25 bpm
71.028167	71.028167	120.25 bpm
71.527146	71.527146	120.25 bpm
72.026125	72.026125	120.25 bpm
72.525104	72.525104	120.25 bpm
73.024083	73.024083	120.25 bpm
73.523062	73.523062	120.25 bpm
74.022042	74.022042	120.25 bpm
74.521021	74.521021	120.25 bpm
75.020000	75.020000	120.25 bpm
75.518979	75.518979	120.25 bpm
76.017958	76.017958	117.51 bpm
76.528542	76.528542	123.11 bpm
77.015917	77.015917	117.51 bpm
77.526500	77.526500	120.25 bpm
78.025479	78.025479	120.25 bpm
78.524458	78.524458	120.25 bpm
79.023437	79.023437	117.51 bpm
79.534021	79.534021	123.11 bpm
80.021396	80.021396	117.51 bpm
80.531979	80.531979	120.25 bpm
81.030958	81.030958	120.25 bpm
81.529937	81.529937	120.25 bpm
82.028917	82.028917	120.25 bpm
82.527896	82.527896	120.25 bpm
83.026875	83.026875	120.25 bpm
83.525854	83.525854	120.25 bpm
84.024833	84.024833	120.25 bpm
84.523812	84.523812	120.25 bpm
85.022792	85.022792	117.51 bpm
85.533375	85.533375	120.25 bpm
86.032354	86.032354	120.25 bpm
86.531333	86.531333	120.25 bpm
87.030312	87.030312	120.25 bpm
87.529292	87.529292	120.25 bpm
88.028271	88.028271	120.25 bpm
88.527250	88.527250	120.25 bpm
89.026229	89.026229	120.25 bpm
89.525208	89.525208	120.25 bpm
90.024187	90.024187	120.25 bpm
90.523167	90.523167	120.25 bpm
91.022146	91.022146	120.25 bpm
91.521125	91.521125	120.25 bpm
92.020104	92.020104	117.51 bpm
92.530687	92.530687	120.25 bpm
93.029667	93.029667	120.25 bpm
93.528646	93.528646	120.25 bpm
94.027625	94.027625	120.25 bpm
94.526604	94.526604	120.25 bpm
95.025583	95.025583	120.25 bpm
95.524562	95.524562	120.25 bpm
96.023542	96.023542	120.25 bpm
96.522521	96.522521	120.25 bpm
97.021500	97.021500	120.25 bpm
97.520479	97.520479	117.51 bpm
98.031062	98.031062	120.25 bpm
98.530042	98.530042	120.25 bpm
99.029021	99.029021	120.25 bpm
99.528000	99.528000	120.25 bpm
100.026979	100.026979	120.25 bpm
100.525958	100.525958	120.25 bpm
101.024937	101.024937	120.25 bpm
101.523917	101.523917	120.25 bpm
102.022896	102.022896	120.25 bpm
102.521875	102.521875	120.25 bpm
103.020854	103.020854	120.25 bpm
103.519833	103.519833	120.25 bpm
104.018812	104.018812	117.51 bpm
104.529396	104.529396	117.51 bpm
105.039979	105.039979	117.51 bpm
105.550562	105.550562	120.25 bpm
106.049542	106.049542	120.25 bpm
106.548521	106.548521	120.25 bpm
107.047500	107.047500	120.25 bpm
107.546479	107.546479	117.51 bpm
108.057062	108.057062	120.25 bpm
108.556042	108.556042	120.25 bpm
109.055021	109.055021	123.11 bpm
109.542396	109.542396	126.11 bpm
110.018167	110.018167	123.11 bpm
110.505542	110.505542	120.25 bpm
111.004521	111.004521	117.51 bpm
111.515104	111.515104	117.51 bpm
112.025687	112.025687	120.25 bpm
112.524667	112.524667	120.25 bpm
113.023646	113.023646	120.25 bpm
113.522625	113.522625	117.51 bpm
114.033208	114.033208	123.11 bpm
114.520583	114.520583	120.25 bpm
115.019562	115.019562	120.25 bpm
115.518542	115.518542	117.51 bpm
116.029125	116.029125	120.25 bpm
116.528104	116.528104	117.51 bpm
117.038687	117.038687	120.25 bpm
117.537667	117.537667	123.11 bpm
118.025042	118.025042	120.25 bpm
118.524021	118.524021	120.25 bpm
119.023000	119.023000	120.25 bpm
119.521979	119.521979	120.25 bpm
120.020958	120.020958	120.25 bpm
120.519937	120.519937	120.25 bpm
121.018917	121.018917	117.51 bpm
121.529500	121.529500	120.25 bpm
122.028479	122.028479	120.25 bpm
122.527458	122.527458	120.25 bpm
123.026437	123.026437	120.25 bpm
123.525417	123.525417	120.25 bpm
124.024396	124.024396	120.25 bpm
124.523375	124.523375	120.25 bpm
125.022354	125.022354	120.25 bpm
125.521333	125.521333	120.25 bpm
126.020312	126.020312	120.25 bpm
126.519292	126.519292	120.25 bpm
127.018271	127.018271	120.25 bpm
127.517250	127.517250	117.51 bpm
128.027833	128.027833	120.25 bpm
128.526812	128.526812	120.25 bpm
129.025792	129.025792	120.25 bpm
129.524771	129.524771	120.25 bpm
130.023750	130.023750	120.25 bpm
130.522729	130.522729	120.25 bpm
131.021708	131.021708	120.25 bpm
131.520687	131.520687	120.25 bpm
132.019667	132.019667	120.25 bpm
132.518646	132.518646	120.25 bpm
133.017625	133.017625	117.51 bpm
133.528208	133.528208	120.25 bpm
134.027187	134.027187	120.25 bpm
134.526167	134.526167	120.25 bpm
135.025146	135.025146	120.25 bpm
135.524125	135.524125	120.25 bpm
136.023104	136.023104	120.25 bpm
136.522083	136.522083	120.25 bpm
137.021062	137.021062	117.51 bpm
137.531646	137.531646	120.25 bpm
138.030625	138.030625	120.25 bpm
138.529604	138.529604	120.25 bpm
139.028583	139.028583	120.25 bpm
139.527562	139.527562	120.25 bpm
140.026542	140.026542	120.25 bpm
140.525521	140.525521	120.25 bpm
141.024500	141.024500	120.25 bpm
141.523479	141.523479	120.25 bpm
142.022458	142.022458	120.25 bpm
142.521437	142.521437	120.25 bpm
143.020417	143.020417	117.51 bpm
143.531000	143.531000	120.25 bpm
144.029979	144.029979	120.25 bpm
144.528958	144.528958	120.25 bpm
145.027937	145.027937	120.25 bpm
145.526917	145.526917	120.25 bpm
146.025896	146.025896	120.25 bpm
146.524875	146.524875	120.25 bpm
147.023854	147.023854	120.25 bpm
147.522833	147.522833	120.25 bpm
148.021812	148.021812	117.51 bpm
148.532396	148.532396	120.25 bpm
149.031375	149.031375	120.25 bpm
149.530354	149.530354	120.25 bpm
150.029333	150.029333	120.25 bpm
150.528312	150.528312	120.25 bpm
151.027292	151.027292	120.25 bpm
151.526271	151.526271	120.25 bpm
152.025250	152.025250	120.25 bpm
152.524229	152.524229	120.25 bpm
153.023208	153.023208	120.25 bpm
153.522187	153.522187	120.25 bpm
154.021167	154.021167	117.51 bpm
154.531750	154.531750	120.25 bpm
155.030729	155.030729	120.25 bpm
155.529708	155.529708	120.25 bpm
156.028687	156.028687	120.25 bpm
156.527667	156.527667	120.25 bpm
157.026646	157.026646	120.25 bpm
157.525625	157.525625	120.25 bpm
158.024604	158.024604	120.25 bpm
158.523583	158.523583	120.25 bpm
159.022562	159.022562	120.25 bpm
159.521542	159.521542	120.25 bpm
160.020521	160.020521	117.51 bpm
160.531104	160.531104	120.25 bpm
161.030083	161.030083	120.25 bpm
161.529062	161.529062	120.25 bpm
162.028042	162.028042	120.25 bpm
162.527021	162.527021	120.25 bpm
163.026000	163.026000	120.25 bpm
163.524979	163.524979	120.25 bpm
164.023958	164.023958	120.25 bpm
164.522937	164.522937	120.25 bpm
165.021917	165.021917	120.25 bpm
165.520896	165.520896	117.51 bpm
166.031479	166.031479	120.25 bpm
166.530458	166.530458	120.25 bpm
167.029437	167.029437	120.25 bpm
167.528417	167.528417	117.51 bpm
168.039000	168.039000	120.25 bpm
168.537979	168.537979	114.90 bpm
169.060167	169.060167	117.51 bpm
169.570750	169.570750	120.25 bpm
170.069729	170.069729	120.25 bpm
170.568708	170.568708	120.25 bpm
171.067687	171.067687	120.25 bpm
171.566667	171.566667	120.25 bpm
172.065646	172.065646	123.11 bpm
172.553021	172.553021	123.11 bpm
173.040396	173.040396	123.11 bpm
173.527771	173.527771	120.25 bpm
174.026750	174.026750	120.25 bpm
174.525729	174.525729	120.25 bpm
175.024708	175.024708	120.25 bpm
175.523687	175.523687	120.25 bpm
176.022667	176.022667	123.11 bpm
176.510042	176.510042	117.51 bpm
177.020625	177.020625	120.25 bpm
177.519604	177.519604	117.51 bpm
178.030187	178.030187	120.25 bpm
178.529167	178.529167	123.11 bpm
179.016542	179.016542	120.25 bpm
179.515521	179.515521	117.51 bpm
180.026104	180.026104	120.25 bpm
180.525083	180.525083	120.25 bpm
181.024062	181.024062	120.25 bpm
181.523042	181.523042	117.51 bpm
182.033625	182.033625	123.11 bpm
182.521000	182.521000	120.25 bpm
183.019979	183.019979	117.51 bpm
183.530562	183.530562	120.25 bpm
184.029542	184.029542	117.51 bpm
184.540125	184.540125	120.25 bpm
185.039104	185.039104	120.25 bpm
185.538083	185.538083	120.25 bpm
186.037062	186.037062	123.11 bpm
186.524437	186.524437	120.25 bpm
187.023417	187.023417	120.25 bpm
187.522396	187.522396	120.25 bpm
188.021375	188.021375	120.25 bpm
188.520354	188.520354	120.25 bpm
189.019333	189.019333	117.51 bpm
189.529917	189.529917	120.25 bpm
190.028896	190.028896	120.25 bpm
190.527875	190.527875	120.25 bpm
191.026854	191.026854	120.25 bpm
191.525833	191.525833	120.25 bpm
192.024812	192.024812	120.25 bpm
192.523792	192.523792	120.25 bpm
193.022771	193.022771	120.25 bpm
193.521750	193.521750	120.25 bpm
194.020729	194.020729	120.25 bpm
194.519708	194.519708	120.25 bpm
195.018687	195.018687	120.25 bpm
195.517667	195.517667	120.25 bpm
196.016646	196.016646	117.51 bpm
196.527229	196.527229	120.25 bpm
197.026208	197.026208	120.25 bpm
197.525187	197.525187	120.25 bpm
198.024167	198.024167	120.25 bpm
198.523146	198.523146	120.25 bpm
199.022125	199.022125	120.25 bpm
199.521104	199.521104	120.25 bpm
200.020083	200.020083	120.25 bpm
200.519062	200.519062	120.25 bpm
201.018042	201.018042	117.51 bpm
201.528625	201.528625	120.25 bpm
202.027604	202.027604	120.25 bpm
202.526583	202.526583	202.527
