0.034813	0.034813	1
1.032771	1.032771	2
2.030729	2.030729	3
3.005479	3.005479	4
3.980229	3.980229	1
4.258729	4.258729	2
4.722896	4.722896	3
5.210271	5.210271	4
5.720854	5.720854	1
6.219833	6.219833	2
6.765229	6.765229	3
7.357042	7.357042	4
7.960458	7.960458	1
8.459437	8.459437	2
8.958417	8.958417	3
9.457396	9.457396	4
9.956375	9.956375	1
10.455354	10.455354	2
10.954333	10.954333	3
11.464917	11.464917	4
11.963896	11.963896	1
12.462875	12.462875	2
12.961854	12.961854	3
13.460833	13.460833	4
13.959812	13.959812	1
14.458792	14.458792	2
14.957771	14.957771	3
15.456750	15.456750	4
15.955729	15.955729	1
16.454708	16.454708	2
16.953688	16.953688	3
17.452667	17.452667	4
17.951646	17.951646	1
18.462229	18.462229	2
18.961208	18.961208	3
19.460187	19.460187	4
19.947563	19.947563	1
20.458146	20.458146	2
20.957125	20.957125	3
21.456104	21.456104	4
21.955083	21.955083	1
22.454062	22.454062	2
22.964646	22.964646	3
23.463625	23.463625	4
23.962604	23.962604	1
24.461583	24.461583	2
24.960563	24.960563	3
25.459542	25.459542	4
25.958521	25.958521	1
26.457500	26.457500	2
26.956479	26.956479	3
27.455458	27.455458	4
27.954438	27.954438	1
28.465021	28.465021	2
28.964000	28.964000	3
29.462979	29.462979	4
29.961958	29.961958	1
30.460938	30.460938	2
30.959917	30.959917	3
31.447292	31.447292	4
31.957875	31.957875	1
32.456854	32.456854	2
32.955833	32.955833	3
33.454813	33.454813	4
33.953792	33.953792	1
34.464375	34.464375	2
34.963354	34.963354	3
35.462333	35.462333	4
35.961312	35.961312	1
36.460292	36.460292	2
36.959271	36.959271	3
37.458250	37.458250	4
37.957229	37.957229	1
38.456208	38.456208	2
38.955188	38.955188	3
39.454167	39.454167	4
39.953146	39.953146	1
40.463729	40.463729	2
40.962708	40.962708	3
41.461687	41.461687	4
41.960667	41.960667	1
42.459646	42.459646	2
42.958625	42.958625	3
43.457604	43.457604	4
43.956583	43.956583	1
44.455562	44.455562	2
44.966146	44.966146	3
45.465125	45.465125	4
45.964104	45.964104	1
46.463083	46.463083	2
46.962063	46.962063	3
47.461042	47.461042	4
47.960021	47.960021	1
48.459000	48.459000	2
48.957979	48.957979	3
49.456958	49.456958	4
49.955937	49.955937	1
50.454917	50.454917	2
50.953896	50.953896	3
51.464479	51.464479	4
51.963458	51.963458	1
52.462438	52.462438	2
52.961417	52.961417	3
53.460396	53.460396	4
53.959375	53.959375	1
54.458354	54.458354	2
54.957333	54.957333	3
55.456313	55.456313	4
55.955292	55.955292	1
56.454271	56.454271	2
56.964854	56.964854	3
57.463833	57.463833	4
57.962812	57.962812	1
58.461792	58.461792	2
58.960771	58.960771	3
59.459750	59.459750	4
59.958729	59.958729	1
60.457708	60.457708	2
60.956688	60.956688	3
61.455667	61.455667	4
61.966250	61.966250	1
62.465229	62.465229	2
62.964208	62.964208	3
63.451583	63.451583	4
63.950562	63.950562	1
64.449542	64.449542	2
64.948521	64.948521	3
65.447500	65.447500	4
65.958083	65.958083	1
66.457063	66.457063	2
66.956042	66.956042	3
67.443417	67.443417	4
67.954000	67.954000	1
68.464583	68.464583	2
68.963562	68.963562	3
69.462542	69.462542	4
69.961521	69.961521	1
70.460500	70.460500	2
70.959479	70.959479	3
71.458458	71.458458	4
71.957437	71.957437	1
72.456417	72.456417	2
72.955396	72.955396	3
73.465979	73.465979	4
73.964958	73.964958	1
74.463938	74.463938	2
74.962917	74.962917	3
75.461896	75.461896	4
75.960875	75.960875	1
76.459854	76.459854	2
76.958833	76.958833	3
77.457813	77.457813	4
77.956792	77.956792	1
78.455771	78.455771	2
78.954750	78.954750	3
79.465333	79.465333	4
79.964313	79.964313	1
80.463292	80.463292	2
80.962271	80.962271	3
81.461250	81.461250	4
81.960229	81.960229	1
82.459208	82.459208	2
82.958187	82.958187	3
83.457167	83.457167	4
83.956146	83.956146	1
84.455125	84.455125	2
84.954104	84.954104	3
85.464687	85.464687	4
85.963667	85.963667	1
86.462646	86.462646	2
86.961625	86.961625	3
87.460604	87.460604	4
87.959583	87.959583	1
88.458562	88.458562	2
88.957542	88.957542	3
89.456521	89.456521	4
89.955500	89.955500	1
90.454479	90.454479	2
90.953458	90.953458	3
91.464042	91.464042	4
91.963021	91.963021	1
92.462000	92.462000	2
92.960979	92.960979	3
93.459958	93.459958	4
93.958938	93.958938	1
94.457917	94.457917	2
94.956896	94.956896	3
95.455875	95.455875	4
95.954854	95.954854	1
96.465437	96.465437	2
96.964417	96.964417	3
97.463396	97.463396	4
97.962375	97.962375	1
98.461354	98.461354	2
98.960333	98.960333	3
99.459312	99.459312	4
99.958292	99.958292	1
100.457271	100.457271	2
100.956250	100.956250	3
101.455229	101.455229	4
101.954208	101.954208	1
102.464792	102.464792	2
102.963771	102.963771	3
103.462750	103.462750	4
103.961729	103.961729	1
104.460708	104.460708	2
104.959688	104.959688	3
105.458667	105.458667	4
105.957646	105.957646	1
106.456625	106.456625	2
106.955604	106.955604	3
107.454583	107.454583	4
107.953563	107.953563	1
108.452542	108.452542	2
108.963125	108.963125	3
109.462104	109.462104	4
109.961083	109.961083	1
110.460063	110.460063	2
110.959042	110.959042	3
111.458021	111.458021	4
111.957000	111.957000	1
112.455979	112.455979	2
112.954958	112.954958	3
113.453937	113.453937	4
113.964521	113.964521	1
114.463500	114.463500	2
114.962479	114.962479	3
115.461458	115.461458	4
115.960437	115.960437	1
116.459417	116.459417	2
116.958396	116.958396	3
117.457375	117.457375	4
117.956354	117.956354	1
118.455333	118.455333	2
118.954313	118.954313	3
119.464896	119.464896	4
119.963875	119.963875	1
120.462854	120.462854	2
120.961833	120.961833	3
121.460813	121.460813	4
121.959792	121.959792	1
122.458771	122.458771	2
122.957750	122.957750	3
123.456729	123.456729	4
123.955708	123.955708	1
124.454688	124.454688	2
124.953667	124.953667	3
125.452646	125.452646	4
125.963229	125.963229	1
126.462208	126.462208	2
126.961187	126.961187	3
127.460167	127.460167	4
127.959146	127.959146	1
128.458125	128.458125	2
128.957104	128.957104	3
129.456083	129.456083	4
129.955062	129.955062	1
130.454042	130.454042	2
130.964625	130.964625	3
131.463604	131.463604	4
131.962583	131.962583	1
132.461563	132.461563	2
132.960542	132.960542	3
133.459521	133.459521	4
133.958500	133.958500	1
134.457479	134.457479	2
134.956458	134.956458	3
135.455437	135.455437	4
135.954417	135.954417	1
136.465000	136.465000	2
136.963979	136.963979	3
137.462958	137.462958	4
137.961938	137.961938	1
138.460917	138.460917	2
138.959896	138.959896	3
139.458875	139.458875	4
139.981063	139.981063	1
140.503250	140.503250	2
141.013833	141.013833	3
141.512812	141.512812	4
142.011792	142.011792	1
142.510771	142.510771	2
143.009750	143.009750	3
143.508729	143.508729	4
144.007708	144.007708	1
144.506687	144.506687	2
145.005667	145.005667	3
145.493042	145.493042	4
145.980417	145.980417	1
146.467792	146.467792	2
146.955167	146.955167	3
147.454146	147.454146	4
147.964729	147.964729	1
148.463708	148.463708	2
148.939479	148.939479	3
149.438458	149.438458	4
149.949042	149.949042	1
150.459625	150.459625	2
150.970208	150.970208	3
151.457583	151.457583	4
151.956562	151.956562	1
152.455542	152.455542	2
152.966125	152.966125	3
153.465104	153.465104	4
153.964083	153.964083	1
154.463063	154.463063	2
154.950437	154.950437	3
155.461021	155.461021	4
155.960000	155.960000	1
156.458979	156.458979	2
156.957958	156.957958	3
157.456938	157.456938	4
157.955917	157.955917	1
158.454896	158.454896	2
158.953875	158.953875	3
159.464458	159.464458	4
159.963437	159.963437	1
160.462417	160.462417	2
160.961396	160.961396	3
161.460375	161.460375	4
161.959354	161.959354	1
162.458333	162.458333	2
162.957313	162.957313	3
163.456292	163.456292	4
163.955271	163.955271	1
164.454250	164.454250	2
164.964833	164.964833	3
165.463812	165.463812	4
165.962792	165.962792	1
166.461771	166.461771	2
166.960750	166.960750	3
167.459729	167.459729	4
167.958708	167.958708	1
168.457687	168.457687	2
168.956667	168.956667	3
169.455646	169.455646	4
169.954625	169.954625	1
170.465208	170.465208	2
170.964188	170.964188	3
171.463167	171.463167	4
171.962146	171.962146	1
172.461125	172.461125	2
172.960104	172.960104	3
173.459083	173.459083	4
173.958063	173.958063	1
174.457042	174.457042	2
174.956021	174.956021	3
175.466604	175.466604	4
175.965583	175.965583	1
176.464562	176.464562	2
176.963542	176.963542	3
177.462521	177.462521	4
177.961500	177.961500	1
178.460479	178.460479	2
178.959458	178.959458	3
179.458438	179.458438	4
179.957417	179.957417	1
180.456396	180.456396	2
180.955375	180.955375	3
181.454354	181.454354	4
181.953333	181.953333	1
182.463917	182.463917	2
182.962896	182.962896	3
183.461875	183.461875	4
183.960854	183.960854	1
184.459833	184.459833	2
184.958812	184.958812	3
185.457792	185.457792	4
185.956771	185.956771	1
186.455750	186.455750	2
186.954729	186.954729	3
187.453708	187.453708	4
187.952687	187.952687	1
188.463271	188.463271	2
188.973854	188.973854	3
189.484438	189.484438	4
189.995021	189.995021	1
190.528812	190.528812	2
191.074208	191.074208	3
191.689229	191.689229	4
192.304250	192.304250	1
192.919271	192.919271	2
193.522687	193.522687	3
194.126104	194.126104	4
194.659896	194.659896	1
195.193688	195.193688	2
195.727479	195.727479	3
196.214854	196.214854	4
196.702229	196.702229	1
197.189604	197.189604	2
197.676979	197.676979	3
198.164354	198.164354	4
198.651729	198.651729	1
199.139104	199.139104	2
199.638083	199.638083	3
200.137063	200.137063	4
200.636042	200.636042	1
201.123417	201.123417	2
201.610792	201.610792	3
202.109771	202.109771	4
202.608750	202.608750	1
