3.040000	3.040000	3.040
3.424000	3.424000	3.424
3.808000	3.808000	3.808
4.192000	4.192000	4.192
4.576000	4.576000	4.576
4.960000	4.960000	4.960
5.344000	5.344000	5.344
5.749333	5.749333	5.749
6.186667	6.186667	6.187
6.613333	6.613333	6.613
7.050667	7.050667	7.051
7.488000	7.488000	7.488
7.925333	7.925333	7.925
8.458667	8.458667	8.459
8.789333	8.789333	8.789
9.120000	9.120000	9.120
9.450667	9.450667	9.451
9.781333	9.781333	9.781
10.101333	10.101333	10.101
10.432000	10.432000	10.432
10.762667	10.762667	10.763
11.466667	11.466667	11.467
12.128000	12.128000	12.128
12.789333	12.789333	12.789
13.450667	13.450667	13.451
14.464000	14.464000	14.464
15.125333	15.125333	15.125
15.786667	15.786667	15.787
16.970667	16.970667	16.971
17.632000	17.632000	17.632
18.293333	18.293333	18.293
18.954667	18.954667	18.955
19.637333	19.637333	19.637
20.298667	20.298667	20.299
20.960000	20.960000	20.960
21.621333	21.621333	21.621
22.304000	22.304000	22.304
22.954667	22.954667	22.955
23.616000	23.616000	23.616
24.277333	24.277333	24.277
24.960000	24.960000	24.960
25.621333	25.621333	25.621
26.282667	26.282667	26.283
26.944000	26.944000	26.944
27.626667	27.626667	27.627
28.288000	28.288000	28.288
28.949333	28.949333	28.949
29.610667	29.610667	29.611
30.304000	30.304000	30.304
30.965333	30.965333	30.965
31.626667	31.626667	31.627
32.288000	32.288000	32.288
32.960000	32.960000	32.960
33.621333	33.621333	33.621
34.282667	34.282667	34.283
34.944000	34.944000	34.944
35.637333	35.637333	35.637
36.298667	36.298667	36.299
36.960000	36.960000	36.960
37.610667	37.610667	37.611
38.645333	38.645333	38.645
39.306667	39.306667	39.307
39.968000	39.968000	39.968
40.629333	40.629333	40.629
41.290667	41.290667	41.291
41.952000	41.952000	41.952
42.613333	42.613333	42.613
43.274667	43.274667	43.275
43.968000	43.968000	43.968
44.629333	44.629333	44.629
45.290667	45.290667	45.291
45.952000	45.952000	45.952
46.624000	46.624000	46.624
47.285333	47.285333	47.285
47.946667	47.946667	47.947
48.597333	48.597333	48.597
49.301333	49.301333	49.301
49.952000	49.952000	49.952
50.613333	50.613333	50.613
51.274667	51.274667	51.275
51.968000	51.968000	51.968
52.618667	52.618667	52.619
53.280000	53.280000	53.280
53.941333	53.941333	53.941
54.634667	54.634667	54.635
55.296000	55.296000	55.296
55.946667	55.946667	55.947
56.608000	56.608000	56.608
57.269333	57.269333	57.269
57.909333	57.909333	57.909
58.570667	58.570667	58.571
59.232000	59.232000	59.232
59.882667	59.882667	59.883
60.362667	60.362667	60.363
60.853333	60.853333	60.853
61.354667	61.354667	61.355
61.845333	61.845333	61.845
62.336000	62.336000	62.336
62.816000	62.816000	62.816
63.306667	63.306667	63.307
63.786667	63.786667	63.787
64.277333	64.277333	64.277
64.768000	64.768000	64.768
65.258667	65.258667	65.259
65.802667	65.802667	65.803
66.293333	66.293333	66.293
66.784000	66.784000	66.784
67.274667	67.274667	67.275
67.765333	67.765333	67.765
68.298667	68.298667	68.299
68.778667	68.778667	68.779
69.269333	69.269333	69.269
69.760000	69.760000	69.760
70.250667	70.250667	70.251
70.741333	70.741333	70.741
71.296000	71.296000	71.296
71.786667	71.786667	71.787
72.266667	72.266667	72.267
72.757333	72.757333	72.757
73.248000	73.248000	73.248
73.770667	73.770667	73.771
74.261333	74.261333	74.261
74.752000	74.752000	74.752
75.242667	75.242667	75.243
75.744000	75.744000	75.744
76.234667	76.234667	76.235
76.789333	76.789333	76.789
77.280000	77.280000	77.280
77.770667	77.770667	77.771
78.261333	78.261333	78.261
78.752000	78.752000	78.752
79.285333	79.285333	79.285
79.776000	79.776000	79.776
80.266667	80.266667	80.267
80.768000	80.768000	80.768
81.258667	81.258667	81.259
81.749333	81.749333	81.749
82.304000	82.304000	82.304
82.965333	82.965333	82.965
83.626667	83.626667	83.627
84.288000	84.288000	84.288
84.970667	84.970667	84.971
85.632000	85.632000	85.632
86.282667	86.282667	86.283
86.944000	86.944000	86.944
87.637333	87.637333	87.637
88.298667	88.298667	88.299
88.949333	88.949333	88.949
89.610667	89.610667	89.611
90.304000	90.304000	90.304
90.965333	90.965333	90.965
91.616000	91.616000	91.616
92.277333	92.277333	92.277
93.237333	93.237333	93.237
93.898667	93.898667	93.899
94.560000	94.560000	94.560
95.210667	95.210667	95.211
95.808000	95.808000	95.808
96.469333	96.469333	96.469
97.130667	97.130667	97.131
97.781333	97.781333	97.781
98.624000	98.624000	98.624
99.274667	99.274667	99.275
99.936000	99.936000	99.936
100.597333	100.597333	100.597
101.301333	101.301333	101.301
101.952000	101.952000	101.952
102.613333	102.613333	102.613
103.274667	103.274667	103.275
103.968000	103.968000	103.968
104.629333	104.629333	104.629
105.290667	105.290667	105.291
105.952000	105.952000	105.952
106.634667	106.634667	106.635
107.296000	107.296000	107.296
107.957333	107.957333	107.957
108.608000	108.608000	108.608
109.301333	109.301333	109.301
109.962667	109.962667	109.963
110.613333	110.613333	110.613
111.274667	111.274667	111.275
111.968000	111.968000	111.968
112.618667	112.618667	112.619
113.280000	113.280000	113.280
113.941333	113.941333	113.941
114.602667	114.602667	114.603
115.285333	115.285333	115.285
115.946667	115.946667	115.947
116.608000	116.608000	116.608
117.258667	117.258667	117.259
117.962667	117.962667	117.963
118.624000	118.624000	118.624
119.285333	119.285333	119.285
119.946667	119.946667	119.947
120.640000	120.640000	120.640
121.290667	121.290667	121.291
121.952000	121.952000	121.952
122.613333	122.613333	122.613
123.306667	123.306667	123.307
123.957333	123.957333	123.957
124.618667	124.618667	124.619
125.280000	125.280000	125.280
125.973333	125.973333	125.973
126.634667	126.634667	126.635
127.285333	127.285333	127.285
127.946667	127.946667	127.947
128.640000	128.640000	128.640
129.301333	129.301333	129.301
129.962667	129.962667	129.963
130.624000	130.624000	130.624
131.637333	131.637333	131.637
132.298667	132.298667	132.299
132.960000	132.960000	132.960
133.621333	133.621333	133.621
134.282667	134.282667	134.283
134.944000	134.944000	134.944
135.605333	135.605333	135.605
136.266667	136.266667	136.267
136.960000	136.960000	136.960
137.621333	137.621333	137.621
138.272000	138.272000	138.272
138.933333	138.933333	138.933
139.626667	139.626667	139.627
140.288000	140.288000	140.288
140.949333	140.949333	140.949
141.610667	141.610667	141.611
142.293333	142.293333	142.293
142.954667	142.954667	142.955
143.616000	143.616000	143.616
144.266667	144.266667	144.267
144.960000	144.960000	144.960
145.621333	145.621333	145.621
146.282667	146.282667	146.283
146.944000	146.944000	146.944
147.626667	147.626667	147.627
148.288000	148.288000	148.288
148.949333	148.949333	148.949
149.610667	149.610667	149.611
150.293333	150.293333	150.293
150.954667	150.954667	150.955
151.616000	151.616000	151.616
152.277333	152.277333	152.277
152.970667	152.970667	152.971
153.621333	153.621333	153.621
154.282667	154.282667	154.283
154.944000	154.944000	154.944
155.626667	155.626667	155.627
156.288000	156.288000	156.288
156.949333	156.949333	156.949
157.610667	157.610667	157.611
158.272000	158.272000	158.272
158.944000	158.944000	158.944
159.605333	159.605333	159.605
160.266667	160.266667	160.267
160.928000	160.928000	160.928
161.973333	161.973333	161.973
162.624000	162.624000	162.624
163.285333	163.285333	163.285
163.968000	163.968000	163.968
164.629333	164.629333	164.629
165.290667	165.290667	165.291
165.952000	165.952000	165.952
166.634667	166.634667	166.635
167.296000	167.296000	167.296
167.946667	167.946667	167.947
168.608000	168.608000	168.608
169.301333	169.301333	169.301
169.962667	169.962667	169.963
170.613333	170.613333	170.613
171.274667	171.274667	171.275
171.936000	171.936000	171.936
172.629333	172.629333	172.629
173.290667	173.290667	173.291
173.952000	173.952000	173.952
174.602667	174.602667	174.603
175.253333	175.253333	175.253
175.914667	175.914667	175.915
176.576000	176.576000	176.576
177.226667	177.226667	177.227
177.962667	177.962667	177.963
178.613333	178.613333	178.613
179.274667	179.274667	179.275
179.936000	179.936000	179.936
180.629333	180.629333	180.629
181.290667	181.290667	181.291
181.952000	181.952000	181.952
182.602667	182.602667	182.603
183.306667	183.306667	183.307
183.968000	183.968000	183.968
184.629333	184.629333	184.629
185.290667	185.290667	185.291
185.952000	185.952000	185.952
186.613333	186.613333	186.613
187.274667	187.274667	187.275
187.925333	187.925333	187.925
188.640000	188.640000	188.640
189.290667	189.290667	189.291
189.952000	189.952000	189.952
190.613333	190.613333	190.613
191.306667	191.306667	191.307
191.957333	191.957333	191.957
192.618667	192.618667	192.619
193.280000	193.280000	193.280
193.973333	193.973333	193.973
194.634667	194.634667	194.635
195.285333	195.285333	195.285
195.946667	195.946667	195.947
196.597333	196.597333	196.597
197.248000	197.248000	197.248
197.909333	197.909333	197.909
198.560000	198.560000	198.560
199.221333	199.221333	199.221
199.872000	199.872000	199.872
200.533333	200.533333	200.533
201.184000	201.184000	201.184
201.845333	201.845333	201.845
202.496000	202.496000	202.496
203.146667	203.146667	203.147
203.808000	203.808000	203.808
204.469333	204.469333	204.469
205.290667	205.290667	205.291
205.941333	205.941333	205.941
206.602667	206.602667	206.603
207.264000	207.264000	207.264
207.914667	207.914667	207.915
208.565333	208.565333	208.565
209.226667	209.226667	209.227
209.877333	209.877333	209.877
210.517333	210.517333	210.517
211.168000	211.168000	211.168
211.818667	211.818667	211.819
212.469333	212.469333	212.469
213.301333	213.301333	213.301
213.952000	213.952000	213.952
214.602667	214.602667	214.603
215.253333	215.253333	215.253
215.893333	215.893333	215.893
216.544000	216.544000	216.544
217.184000	217.184000	217.184
217.834667	217.834667	217.835
218.474667	218.474667	218.475
219.136000	219.136000	219.136
219.786667	219.786667	219.787
220.437333	220.437333	220.437
221.088000	221.088000	221.088
221.728000	221.728000	221.728
222.378667	222.378667	222.379
223.029333	223.029333	223.029
223.680000	223.680000	223.680
224.021333	224.021333	224.021
224.469333	224.469333	224.469
224.917333	224.917333	224.917
225.365333	225.365333	225.365
225.813333	225.813333	225.813
226.261333	226.261333	226.261
226.688000	226.688000	226.688
227.136000	227.136000	227.136
227.573333	227.573333	227.573
228.021333	228.021333	228.021
228.458667	228.458667	228.459
228.906667	228.906667	228.907
229.749333	229.749333	229.749
230.186667	230.186667	230.187
230.613333	230.613333	230.613
231.040000	231.040000	231.040
231.477333	231.477333	231.477
231.904000	231.904000	231.904
232.437333	232.437333	232.437
232.874667	232.874667	232.875
233.322667	233.322667	233.323
