2.773333	2.773333	2.773
3.146667	3.146667	3.147
3.509333	3.509333	3.509
3.882667	3.882667	3.883
4.256000	4.256000	4.256
4.629333	4.629333	4.629
5.002667	5.002667	5.003
5.376000	5.376000	5.376
5.642667	5.642667	5.643
6.016000	6.016000	6.016
6.389333	6.389333	6.389
6.752000	6.752000	6.752
7.125333	7.125333	7.125
7.498667	7.498667	7.499
7.872000	7.872000	7.872
8.256000	8.256000	8.256
8.746667	8.746667	8.747
9.237333	9.237333	9.237
9.728000	9.728000	9.728
10.218667	10.218667	10.219
10.709333	10.709333	10.709
11.264000	11.264000	11.264
11.754667	11.754667	11.755
12.245333	12.245333	12.245
12.746667	12.746667	12.747
13.237333	13.237333	13.237
14.037333	14.037333	14.037
14.538667	14.538667	14.539
15.029333	15.029333	15.029
15.520000	15.520000	15.520
16.010667	16.010667	16.011
16.512000	16.512000	16.512
17.002667	17.002667	17.003
17.482667	17.482667	17.483
17.973333	17.973333	17.973
18.464000	18.464000	18.464
18.954667	18.954667	18.955
19.264000	19.264000	19.264
19.754667	19.754667	19.755
20.245333	20.245333	20.245
20.725333	20.725333	20.725
21.216000	21.216000	21.216
21.706667	21.706667	21.707
22.250667	22.250667	22.251
22.741333	22.741333	22.741
23.232000	23.232000	23.232
23.722667	23.722667	23.723
24.213333	24.213333	24.213
24.746667	24.746667	24.747
25.237333	25.237333	25.237
25.728000	25.728000	25.728
26.218667	26.218667	26.219
26.709333	26.709333	26.709
27.189333	27.189333	27.189
27.509333	27.509333	27.509
28.000000	28.000000	28.000
28.490667	28.490667	28.491
28.981333	28.981333	28.981
29.472000	29.472000	29.472
29.962667	29.962667	29.963
30.506667	30.506667	30.507
30.997333	30.997333	30.997
31.488000	31.488000	31.488
31.989333	31.989333	31.989
32.480000	32.480000	32.480
33.002667	33.002667	33.003
33.493333	33.493333	33.493
33.984000	33.984000	33.984
34.474667	34.474667	34.475
34.965333	34.965333	34.965
35.498667	35.498667	35.499
35.989333	35.989333	35.989
36.480000	36.480000	36.480
36.970667	36.970667	36.971
37.461333	37.461333	37.461
37.952000	37.952000	37.952
38.496000	38.496000	38.496
38.986667	38.986667	38.987
39.477333	39.477333	39.477
39.968000	39.968000	39.968
40.458667	40.458667	40.459
40.992000	40.992000	40.992
41.482667	41.482667	41.483
41.984000	41.984000	41.984
42.474667	42.474667	42.475
42.965333	42.965333	42.965
43.456000	43.456000	43.456
43.989333	43.989333	43.989
44.480000	44.480000	44.480
44.981333	44.981333	44.981
45.472000	45.472000	45.472
45.962667	45.962667	45.963
46.496000	46.496000	46.496
46.986667	46.986667	46.987
47.477333	47.477333	47.477
47.968000	47.968000	47.968
48.469333	48.469333	48.469
48.960000	48.960000	48.960
49.440000	49.440000	49.440
49.930667	49.930667	49.931
50.421333	50.421333	50.421
50.922667	50.922667	50.923
51.413333	51.413333	51.413
51.893333	51.893333	51.893
52.384000	52.384000	52.384
52.874667	52.874667	52.875
53.365333	53.365333	53.365
53.866667	53.866667	53.867
54.357333	54.357333	54.357
54.837333	54.837333	54.837
55.328000	55.328000	55.328
55.818667	55.818667	55.819
56.309333	56.309333	56.309
56.800000	56.800000	56.800
57.770667	57.770667	57.771
58.261333	58.261333	58.261
58.752000	58.752000	58.752
59.242667	59.242667	59.243
59.733333	59.733333	59.733
60.245333	60.245333	60.245
60.736000	60.736000	60.736
61.226667	61.226667	61.227
61.717333	61.717333	61.717
62.197333	62.197333	62.197
62.688000	62.688000	62.688
63.381333	63.381333	63.381
63.872000	63.872000	63.872
64.362667	64.362667	64.363
64.853333	64.853333	64.853
65.344000	65.344000	65.344
65.760000	65.760000	65.760
66.250667	66.250667	66.251
66.741333	66.741333	66.741
67.232000	67.232000	67.232
67.722667	67.722667	67.723
68.213333	68.213333	68.213
68.992000	68.992000	68.992
69.493333	69.493333	69.493
69.984000	69.984000	69.984
70.474667	70.474667	70.475
70.997333	70.997333	70.997
71.488000	71.488000	71.488
71.989333	71.989333	71.989
72.480000	72.480000	72.480
72.970667	72.970667	72.971
73.461333	73.461333	73.461
74.005333	74.005333	74.005
74.496000	74.496000	74.496
74.997333	74.997333	74.997
75.488000	75.488000	75.488
75.978667	75.978667	75.979
76.501333	76.501333	76.501
76.992000	76.992000	76.992
77.482667	77.482667	77.483
77.973333	77.973333	77.973
78.464000	78.464000	78.464
78.954667	78.954667	78.955
79.498667	79.498667	79.499
79.989333	79.989333	79.989
80.480000	80.480000	80.480
80.970667	80.970667	80.971
81.472000	81.472000	81.472
82.005333	82.005333	82.005
82.496000	82.496000	82.496
82.986667	82.986667	82.987
83.477333	83.477333	83.477
83.968000	83.968000	83.968
84.458667	84.458667	84.459
84.992000	84.992000	84.992
85.482667	85.482667	85.483
85.973333	85.973333	85.973
86.464000	86.464000	86.464
86.954667	86.954667	86.955
87.488000	87.488000	87.488
87.978667	87.978667	87.979
88.469333	88.469333	88.469
88.970667	88.970667	88.971
89.461333	89.461333	89.461
89.952000	89.952000	89.952
90.485333	90.485333	90.485
90.986667	90.986667	90.987
91.477333	91.477333	91.477
91.968000	91.968000	91.968
92.458667	92.458667	92.459
92.992000	92.992000	92.992
93.482667	93.482667	93.483
93.973333	93.973333	93.973
94.474667	94.474667	94.475
94.965333	94.965333	94.965
95.456000	95.456000	95.456
95.989333	95.989333	95.989
96.490667	96.490667	96.491
96.981333	96.981333	96.981
97.472000	97.472000	97.472
97.962667	97.962667	97.963
98.496000	98.496000	98.496
98.986667	98.986667	98.987
99.477333	99.477333	99.477
99.968000	99.968000	99.968
100.469333	100.469333	100.469
100.960000	100.960000	100.960
101.269333	101.269333	101.269
101.760000	101.760000	101.760
102.261333	102.261333	102.261
102.752000	102.752000	102.752
103.242667	103.242667	103.243
103.989333	103.989333	103.989
104.480000	104.480000	104.480
104.970667	104.970667	104.971
105.472000	105.472000	105.472
105.962667	105.962667	105.963
106.538667	106.538667	106.539
107.029333	107.029333	107.029
107.520000	107.520000	107.520
108.010667	108.010667	108.011
108.501333	108.501333	108.501
108.992000	108.992000	108.992
109.482667	109.482667	109.483
109.973333	109.973333	109.973
110.464000	110.464000	110.464
110.954667	110.954667	110.955
111.445333	111.445333	111.445
112.245333	112.245333	112.245
112.736000	112.736000	112.736
113.226667	113.226667	113.227
113.717333	113.717333	113.717
114.208000	114.208000	114.208
114.890667	114.890667	114.891
115.381333	115.381333	115.381
115.861333	115.861333	115.861
116.352000	116.352000	116.352
116.842667	116.842667	116.843
117.333333	117.333333	117.333
117.770667	117.770667	117.771
118.250667	118.250667	118.251
118.741333	118.741333	118.741
119.232000	119.232000	119.232
119.722667	119.722667	119.723
120.245333	120.245333	120.245
120.736000	120.736000	120.736
121.226667	121.226667	121.227
121.717333	121.717333	121.717
122.208000	122.208000	122.208
122.698667	122.698667	122.699
123.264000	123.264000	123.264
123.754667	123.754667	123.755
124.245333	124.245333	124.245
124.736000	124.736000	124.736
125.226667	125.226667	125.227
125.738667	125.738667	125.739
126.229333	126.229333	126.229
126.730667	126.730667	126.731
127.221333	127.221333	127.221
127.712000	127.712000	127.712
128.202667	128.202667	128.203
128.512000	128.512000	128.512
129.002667	129.002667	129.003
129.493333	129.493333	129.493
129.994667	129.994667	129.995
130.485333	130.485333	130.485
130.976000	130.976000	130.976
131.498667	131.498667	131.499
131.989333	131.989333	131.989
132.480000	132.480000	132.480
132.970667	132.970667	132.971
133.461333	133.461333	133.461
133.994667	133.994667	133.995
134.485333	134.485333	134.485
134.986667	134.986667	134.987
135.477333	135.477333	135.477
135.968000	135.968000	135.968
136.458667	136.458667	136.459
136.938667	136.938667	136.939
137.429333	137.429333	137.429
137.920000	137.920000	137.920
138.421333	138.421333	138.421
138.912000	138.912000	138.912
139.488000	139.488000	139.488
139.978667	139.978667	139.979
140.469333	140.469333	140.469
140.960000	140.960000	140.960
141.450667	141.450667	141.451
141.994667	141.994667	141.995
142.485333	142.485333	142.485
142.976000	142.976000	142.976
143.466667	143.466667	143.467
143.957333	143.957333	143.957
144.448000	144.448000	144.448
144.992000	144.992000	144.992
145.482667	145.482667	145.483
145.973333	145.973333	145.973
146.464000	146.464000	146.464
146.965333	146.965333	146.965
147.498667	147.498667	147.499
147.989333	147.989333	147.989
148.480000	148.480000	148.480
148.970667	148.970667	148.971
149.461333	149.461333	149.461
149.962667	149.962667	149.963
150.496000	150.496000	150.496
150.986667	150.986667	150.987
151.477333	151.477333	151.477
151.968000	151.968000	151.968
152.458667	152.458667	152.459
152.992000	152.992000	152.992
153.493333	153.493333	153.493
153.984000	153.984000	153.984
154.474667	154.474667	154.475
154.965333	154.965333	154.965
155.456000	155.456000	155.456
155.989333	155.989333	155.989
156.480000	156.480000	156.480
156.981333	156.981333	156.981
157.472000	157.472000	157.472
157.962667	157.962667	157.963
158.496000	158.496000	158.496
158.986667	158.986667	158.987
159.477333	159.477333	159.477
159.968000	159.968000	159.968
160.469333	160.469333	160.469
160.960000	160.960000	160.960
161.493333	161.493333	161.493
161.984000	161.984000	161.984
162.485333	162.485333	162.485
162.976000	162.976000	162.976
163.466667	163.466667	163.467
163.989333	163.989333	163.989
164.490667	164.490667	164.491
164.981333	164.981333	164.981
165.472000	165.472000	165.472
165.962667	165.962667	165.963
166.453333	166.453333	166.453
166.997333	166.997333	166.997
167.488000	167.488000	167.488
167.978667	167.978667	167.979
168.469333	168.469333	168.469
168.970667	168.970667	168.971
169.504000	169.504000	169.504
169.994667	169.994667	169.995
170.485333	170.485333	170.485
170.976000	170.976000	170.976
171.466667	171.466667	171.467
171.957333	171.957333	171.957
172.448000	172.448000	172.448
172.938667	172.938667	172.939
173.429333	173.429333	173.429
173.920000	173.920000	173.920
174.410667	174.410667	174.411
174.890667	174.890667	174.891
175.381333	175.381333	175.381
175.882667	175.882667	175.883
176.373333	176.373333	176.373
176.864000	176.864000	176.864
177.354667	177.354667	177.355
177.770667	177.770667	177.771
178.261333	178.261333	178.261
178.752000	178.752000	178.752
179.242667	179.242667	179.243
179.733333	179.733333	179.733
180.245333	180.245333	180.245
180.736000	180.736000	180.736
181.226667	181.226667	181.227
181.717333	181.717333	181.717
182.208000	182.208000	182.208
182.698667	182.698667	182.699
183.253333	183.253333	183.253
183.754667	183.754667	183.755
184.245333	184.245333	184.245
184.736000	184.736000	184.736
185.226667	185.226667	185.227
185.760000	185.760000	185.760
186.250667	186.250667	186.251
186.741333	186.741333	186.741
187.232000	187.232000	187.232
187.722667	187.722667	187.723
188.213333	188.213333	188.213
188.992000	188.992000	188.992
189.482667	189.482667	189.483
189.973333	189.973333	189.973
190.464000	190.464000	190.464
190.954667	190.954667	190.955
191.509333	191.509333	191.509
192.000000	192.000000	192.000
192.501333	192.501333	192.501
192.992000	192.992000	192.992
193.493333	193.493333	193.493
194.005333	194.005333	194.005
194.496000	194.496000	194.496
194.986667	194.986667	194.987
195.477333	195.477333	195.477
195.968000	195.968000	195.968
196.458667	196.458667	196.459
197.002667	197.002667	197.003
197.493333	197.493333	197.493
197.984000	197.984000	197.984
198.474667	198.474667	198.475
198.965333	198.965333	198.965
199.498667	199.498667	199.499
199.989333	199.989333	199.989
200.480000	200.480000	200.480
200.970667	200.970667	200.971
201.461333	201.461333	201.461
201.952000	201.952000	201.952
202.496000	202.496000	202.496
202.986667	202.986667	202.987
203.477333	203.477333	203.477
203.968000	203.968000	203.968
204.458667	204.458667	204.459
205.002667	205.002667	205.003
205.493333	205.493333	205.493
205.984000	205.984000	205.984
206.474667	206.474667	206.475
206.965333	206.965333	206.965
207.456000	207.456000	207.456
207.946667	207.946667	207.947
208.437333	208.437333	208.437
208.928000	208.928000	208.928
209.418667	209.418667	209.419
209.909333	209.909333	209.909
210.485333	210.485333	210.485
210.986667	210.986667	210.987
211.477333	211.477333	211.477
211.968000	211.968000	211.968
212.458667	212.458667	212.459
213.429333	213.429333	213.429
213.920000	213.920000	213.920
214.421333	214.421333	214.421
214.912000	214.912000	214.912
215.402667	215.402667	215.403
215.882667	215.882667	215.883
216.373333	216.373333	216.373
216.864000	216.864000	216.864
217.354667	217.354667	217.355
217.845333	217.845333	217.845
218.346667	218.346667	218.347
218.826667	218.826667	218.827
219.317333	219.317333	219.317
219.808000	219.808000	219.808
220.298667	220.298667	220.299
220.789333	220.789333	220.789
221.269333	221.269333	221.269
221.760000	221.760000	221.760
222.250667	222.250667	222.251
222.730667	222.730667	222.731
223.221333	223.221333	223.221
223.712000	223.712000	223.712
224.181333	224.181333	224.181
