0.061333	0.061333	0.061
0.991333	0.991333	0.991
1.911333	1.911333	1.911
2.831333	2.831333	2.831
3.291333	3.291333	3.291
3.751333	3.751333	3.751
5.601333	5.601333	5.601
7.451333	7.451333	7.451
7.991333	7.991333	7.991
8.491333	8.491333	8.491
9.011333	9.011333	9.011
9.571333	9.571333	9.571
10.061333	10.061333	10.061
10.501333	10.501333	10.501
11.921333	11.921333	11.921
12.401333	12.401333	12.401
12.821333	12.821333	12.821
13.371333	13.371333	13.371
13.911333	13.911333	13.911
14.371333	14.371333	14.371
14.831333	14.831333	14.831
15.281333	15.281333	15.281
15.771333	15.771333	15.771
16.251333	16.251333	16.251
16.711333	16.711333	16.711
17.171333	17.171333	17.171
17.601333	17.601333	17.601
18.061333	18.061333	18.061
18.521333	18.521333	18.521
20.371333	20.371333	20.371
20.831333	20.831333	20.831
21.291333	21.291333	21.291
21.751333	21.751333	21.751
22.221333	22.221333	22.221
22.681333	22.681333	22.681
23.171333	23.171333	23.171
23.631333	23.631333	23.631
24.061333	24.061333	24.061
24.521333	24.521333	24.521
24.981333	24.981333	24.981
25.441333	25.441333	25.441
25.901333	25.901333	25.901
26.371333	26.371333	26.371
26.851333	26.851333	26.851
27.321333	27.321333	27.321
27.751333	27.751333	27.751
28.211333	28.211333	28.211
28.671333	28.671333	28.671
29.141333	29.141333	29.141
29.601333	29.601333	29.601
30.061333	30.061333	30.061
30.541333	30.541333	30.541
31.011333	31.011333	31.011
31.461333	31.461333	31.461
31.911333	31.911333	31.911
32.361333	32.361333	32.361
32.831333	32.831333	32.831
33.291333	33.291333	33.291
33.751333	33.751333	33.751
34.701333	34.701333	34.701
35.141333	35.141333	35.141
35.601333	35.601333	35.601
36.061333	36.061333	36.061
36.521333	36.521333	36.521
36.981333	36.981333	36.981
37.471333	37.471333	37.471
38.401333	38.401333	38.401
39.321333	39.321333	39.321
39.751333	39.751333	39.751
40.241333	40.241333	40.241
40.671333	40.671333	40.671
41.141333	41.141333	41.141
42.061333	42.061333	42.061
42.521333	42.521333	42.521
43.011333	43.011333	43.011
43.441333	43.441333	43.441
43.911333	43.911333	43.911
44.361333	44.361333	44.361
44.831333	44.831333	44.831
45.301333	45.301333	45.301
45.751333	45.751333	45.751
46.211333	46.211333	46.211
46.681333	46.681333	46.681
47.131333	47.131333	47.131
47.601333	47.601333	47.601
48.061333	48.061333	48.061
48.521333	48.521333	48.521
49.471333	49.471333	49.471
49.911333	49.911333	49.911
50.371333	50.371333	50.371
50.831333	50.831333	50.831
51.291333	51.291333	51.291
51.751333	51.751333	51.751
52.211333	52.211333	52.211
52.671333	52.671333	52.671
53.141333	53.141333	53.141
53.601333	53.601333	53.601
54.061333	54.061333	54.061
54.521333	54.521333	54.521
54.981333	54.981333	54.981
55.441333	55.441333	55.441
55.901333	55.901333	55.901
56.371333	56.371333	56.371
56.831333	56.831333	56.831
57.291333	57.291333	57.291
57.751333	57.751333	57.751
58.211333	58.211333	58.211
58.671333	58.671333	58.671
59.141333	59.141333	59.141
59.601333	59.601333	59.601
60.061333	60.061333	60.061
60.521333	60.521333	60.521
60.981333	60.981333	60.981
61.441333	61.441333	61.441
61.901333	61.901333	61.901
62.371333	62.371333	62.371
62.831333	62.831333	62.831
63.291333	63.291333	63.291
63.751333	63.751333	63.751
64.211333	64.211333	64.211
64.671333	64.671333	64.671
65.131333	65.131333	65.131
65.601333	65.601333	65.601
66.061333	66.061333	66.061
66.521333	66.521333	66.521
66.981333	66.981333	66.981
67.441333	67.441333	67.441
67.911333	67.911333	67.911
68.361333	68.361333	68.361
68.831333	68.831333	68.831
69.291333	69.291333	69.291
69.751333	69.751333	69.751
70.211333	70.211333	70.211
70.671333	70.671333	70.671
71.141333	71.141333	71.141
71.601333	71.601333	71.601
72.061333	72.061333	72.061
72.521333	72.521333	72.521
72.981333	72.981333	72.981
73.441333	73.441333	73.441
73.901333	73.901333	73.901
74.371333	74.371333	74.371
74.831333	74.831333	74.831
75.291333	75.291333	75.291
75.751333	75.751333	75.751
76.211333	76.211333	76.211
76.671333	76.671333	76.671
77.141333	77.141333	77.141
77.601333	77.601333	77.601
78.061333	78.061333	78.061
78.521333	78.521333	78.521
78.981333	78.981333	78.981
79.441333	79.441333	79.441
79.901333	79.901333	79.901
80.371333	80.371333	80.371
80.831333	80.831333	80.831
81.291333	81.291333	81.291
81.781333	81.781333	81.781
82.221333	82.221333	82.221
82.711333	82.711333	82.711
83.141333	83.141333	83.141
83.631333	83.631333	83.631
84.061333	84.061333	84.061
84.521333	84.521333	84.521
85.021333	85.021333	85.021
85.481333	85.481333	85.481
85.951333	85.951333	85.951
86.371333	86.371333	86.371
87.831333	87.831333	87.831
88.231333	88.231333	88.231
88.681333	88.681333	88.681
89.141333	89.141333	89.141
89.611333	89.611333	89.611
90.061333	90.061333	90.061
90.551333	90.551333	90.551
90.981333	90.981333	90.981
91.441333	91.441333	91.441
91.901333	91.901333	91.901
92.381333	92.381333	92.381
92.861333	92.861333	92.861
93.781333	93.781333	93.781
94.221333	94.221333	94.221
94.681333	94.681333	94.681
95.141333	95.141333	95.141
95.601333	95.601333	95.601
96.061333	96.061333	96.061
96.551333	96.551333	96.551
97.021333	97.021333	97.021
97.471333	97.471333	97.471
97.901333	97.901333	97.901
98.401333	98.401333	98.401
98.831333	98.831333	98.831
99.321333	99.321333	99.321
99.751333	99.751333	99.751
100.241333	100.241333	100.241
100.731333	100.731333	100.731
101.141333	101.141333	101.141
101.591333	101.591333	101.591
102.091333	102.091333	102.091
102.521333	102.521333	102.521
102.981333	102.981333	102.981
103.441333	103.441333	103.441
103.911333	103.911333	103.911
104.351333	104.351333	104.351
104.831333	104.831333	104.831
105.291333	105.291333	105.291
105.781333	105.781333	105.781
106.191333	106.191333	106.191
106.671333	106.671333	106.671
107.131333	107.131333	107.131
107.601333	107.601333	107.601
108.551333	108.551333	108.551
108.981333	108.981333	108.981
109.441333	109.441333	109.441
109.911333	109.911333	109.911
110.371333	110.371333	110.371
110.831333	110.831333	110.831
111.321333	111.321333	111.321
112.211333	112.211333	112.211
112.671333	112.671333	112.671
113.171333	113.171333	113.171
113.591333	113.591333	113.591
114.061333	114.061333	114.061
114.521333	114.521333	114.521
114.981333	114.981333	114.981
115.911333	115.911333	115.911
116.361333	116.361333	116.361
116.861333	116.861333	116.861
117.291333	117.291333	117.291
117.751333	117.751333	117.751
118.211333	118.211333	118.211
118.671333	118.671333	118.671
119.161333	119.161333	119.161
119.631333	119.631333	119.631
120.061333	120.061333	120.061
120.551333	120.551333	120.551
120.981333	120.981333	120.981
121.441333	121.441333	121.441
121.901333	121.901333	121.901
122.371333	122.371333	122.371
123.321333	123.321333	123.321
123.751333	123.751333	123.751
124.211333	124.211333	124.211
124.671333	124.671333	124.671
125.141333	125.141333	125.141
125.601333	125.601333	125.601
126.061333	126.061333	126.061
126.521333	126.521333	126.521
126.981333	126.981333	126.981
127.441333	127.441333	127.441
127.901333	127.901333	127.901
128.371333	128.371333	128.371
128.831333	128.831333	128.831
129.291333	129.291333	129.291
129.751333	129.751333	129.751
130.211333	130.211333	130.211
130.671333	130.671333	130.671
131.141333	131.141333	131.141
131.601333	131.601333	131.601
132.061333	132.061333	132.061
132.521333	132.521333	132.521
132.981333	132.981333	132.981
133.441333	133.441333	133.441
133.901333	133.901333	133.901
134.371333	134.371333	134.371
134.831333	134.831333	134.831
135.291333	135.291333	135.291
135.751333	135.751333	135.751
136.211333	136.211333	136.211
136.671333	136.671333	136.671
137.141333	137.141333	137.141
137.601333	137.601333	137.601
138.061333	138.061333	138.061
138.521333	138.521333	138.521
138.981333	138.981333	138.981
139.441333	139.441333	139.441
139.911333	139.911333	139.911
140.371333	140.371333	140.371
140.831333	140.831333	140.831
141.291333	141.291333	141.291
141.751333	141.751333	141.751
142.211333	142.211333	142.211
142.671333	142.671333	142.671
143.141333	143.141333	143.141
143.601333	143.601333	143.601
144.061333	144.061333	144.061
144.521333	144.521333	144.521
144.981333	144.981333	144.981
145.441333	145.441333	145.441
145.901333	145.901333	145.901
146.371333	146.371333	146.371
146.831333	146.831333	146.831
147.291333	147.291333	147.291
147.751333	147.751333	147.751
148.211333	148.211333	148.211
148.671333	148.671333	148.671
149.141333	149.141333	149.141
149.601333	149.601333	149.601
150.061333	150.061333	150.061
150.521333	150.521333	150.521
150.981333	150.981333	150.981
151.441333	151.441333	151.441
151.901333	151.901333	151.901
152.371333	152.371333	152.371
152.831333	152.831333	152.831
153.291333	153.291333	153.291
153.751333	153.751333	153.751
154.211333	154.211333	154.211
154.671333	154.671333	154.671
155.141333	155.141333	155.141
155.641333	155.641333	155.641
156.141333	156.141333	156.141
156.561333	156.561333	156.561
156.981333	156.981333	156.981
158.401333	158.401333	158.401
158.831333	158.831333	158.831
159.321333	159.321333	159.321
159.791333	159.791333	159.791
160.261333	160.261333	160.261
160.681333	160.681333	160.681
161.601333	161.601333	161.601
162.061333	162.061333	162.061
162.521333	162.521333	162.521
162.981333	162.981333	162.981
163.441333	163.441333	163.441
163.941333	163.941333	163.941
164.371333	164.371333	164.371
164.831333	164.831333	164.831
165.291333	165.291333	165.291
165.751333	165.751333	165.751
166.211333	166.211333	166.211
166.671333	166.671333	166.671
167.601333	167.601333	167.601
168.051333	168.051333	168.051
168.491333	168.491333	168.491
169.011333	169.011333	169.011
169.451333	169.451333	169.451
169.911333	169.911333	169.911
170.871333	170.871333	170.871
171.301333	171.301333	171.301
171.731333	171.731333	171.731
172.221333	172.221333	172.221
172.661333	172.661333	172.661
173.591333	173.591333	173.591
174.061333	174.061333	174.061
174.531333	174.531333	174.531
175.451333	175.451333	175.451
175.921333	175.921333	175.921
176.371333	176.371333	176.371
176.841333	176.841333	176.841
177.291333	177.291333	177.291
177.731333	177.731333	177.731
178.221333	178.221333	178.221
178.711333	178.711333	178.711
179.181333	179.181333	179.181
179.641333	179.641333	179.641
180.061333	180.061333	180.061
180.551333	180.551333	180.551
180.981333	180.981333	180.981
182.321333	182.321333	182.321
182.881333	182.881333	182.881
183.751333	183.751333	183.751
184.211333	184.211333	184.211
184.681333	184.681333	184.681
185.141333	185.141333	185.141
185.601333	185.601333	185.601
186.061333	186.061333	186.061
186.521333	186.521333	186.521
186.981333	186.981333	186.981
187.441333	187.441333	187.441
187.911333	187.911333	187.911
188.361333	188.361333	188.361
188.831333	188.831333	188.831
189.291333	189.291333	189.291
189.731333	189.731333	189.731
190.201333	190.201333	190.201
191.141333	191.141333	191.141
191.601333	191.601333	191.601
192.061333	192.061333	192.061
192.521333	192.521333	192.521
192.981333	192.981333	192.981
193.441333	193.441333	193.441
193.901333	193.901333	193.901
194.371333	194.371333	194.371
194.831333	194.831333	194.831
195.291333	195.291333	195.291
195.751333	195.751333	195.751
196.211333	196.211333	196.211
196.671333	196.671333	196.671
197.141333	197.141333	197.141
197.601333	197.601333	197.601
198.061333	198.061333	198.061
