2.837333	2.837333	2.837
3.349333	3.349333	3.349
3.861333	3.861333	3.861
4.373333	4.373333	4.373
4.885333	4.885333	4.885
5.397333	5.397333	5.397
5.941333	5.941333	5.941
6.453333	6.453333	6.453
6.954667	6.954667	6.955
7.466667	7.466667	7.467
7.978667	7.978667	7.979
8.362667	8.362667	8.363
8.874667	8.874667	8.875
9.386667	9.386667	9.387
9.909333	9.909333	9.909
10.421333	10.421333	10.421
10.890667	10.890667	10.891
11.402667	11.402667	11.403
11.914667	11.914667	11.915
12.426667	12.426667	12.427
12.938667	12.938667	12.939
13.450667	13.450667	13.451
13.984000	13.984000	13.984
14.496000	14.496000	14.496
15.008000	15.008000	15.008
15.520000	15.520000	15.520
16.032000	16.032000	16.032
16.565333	16.565333	16.565
17.066667	17.066667	17.067
17.578667	17.578667	17.579
18.090667	18.090667	18.091
18.602667	18.602667	18.603
19.392000	19.392000	19.392
19.904000	19.904000	19.904
20.405333	20.405333	20.405
20.917333	20.917333	20.917
21.429333	21.429333	21.429
21.994667	21.994667	21.995
22.496000	22.496000	22.496
23.008000	23.008000	23.008
23.520000	23.520000	23.520
24.032000	24.032000	24.032
24.576000	24.576000	24.576
25.088000	25.088000	25.088
25.589333	25.589333	25.589
26.101333	26.101333	26.101
26.613333	26.613333	26.613
27.125333	27.125333	27.125
27.669333	27.669333	27.669
28.181333	28.181333	28.181
28.693333	28.693333	28.693
29.205333	29.205333	29.205
29.717333	29.717333	29.717
30.272000	30.272000	30.272
30.784000	30.784000	30.784
31.296000	31.296000	31.296
31.797333	31.797333	31.797
32.309333	32.309333	32.309
32.853333	32.853333	32.853
33.365333	33.365333	33.365
33.877333	33.877333	33.877
34.389333	34.389333	34.389
34.901333	34.901333	34.901
35.402667	35.402667	35.403
35.904000	35.904000	35.904
36.416000	36.416000	36.416
36.928000	36.928000	36.928
37.440000	37.440000	37.440
37.952000	37.952000	37.952
38.560000	38.560000	38.560
39.061333	39.061333	39.061
39.573333	39.573333	39.573
40.085333	40.085333	40.085
40.597333	40.597333	40.597
41.141333	41.141333	41.141
41.653333	41.653333	41.653
42.165333	42.165333	42.165
42.677333	42.677333	42.677
43.189333	43.189333	43.189
43.733333	43.733333	43.733
44.245333	44.245333	44.245
44.746667	44.746667	44.747
45.258667	45.258667	45.259
45.770667	45.770667	45.771
46.282667	46.282667	46.283
46.773333	46.773333	46.773
47.285333	47.285333	47.285
47.797333	47.797333	47.797
48.298667	48.298667	48.299
48.810667	48.810667	48.811
49.312000	49.312000	49.312
49.813333	49.813333	49.813
50.325333	50.325333	50.325
50.837333	50.837333	50.837
51.338667	51.338667	51.339
51.840000	51.840000	51.840
52.352000	52.352000	52.352
52.853333	52.853333	52.853
53.365333	53.365333	53.365
53.866667	53.866667	53.867
54.378667	54.378667	54.379
54.880000	54.880000	54.880
55.381333	55.381333	55.381
55.893333	55.893333	55.893
56.394667	56.394667	56.395
56.906667	56.906667	56.907
57.717333	57.717333	57.717
58.218667	58.218667	58.219
58.730667	58.730667	58.731
59.242667	59.242667	59.243
59.744000	59.744000	59.744
60.298667	60.298667	60.299
60.800000	60.800000	60.800
61.312000	61.312000	61.312
61.824000	61.824000	61.824
62.325333	62.325333	62.325
62.890667	62.890667	62.891
63.392000	63.392000	63.392
63.904000	63.904000	63.904
64.416000	64.416000	64.416
64.917333	64.917333	64.917
65.429333	65.429333	65.429
65.973333	65.973333	65.973
66.485333	66.485333	66.485
66.997333	66.997333	66.997
67.509333	67.509333	67.509
68.010667	68.010667	68.011
68.565333	68.565333	68.565
69.077333	69.077333	69.077
69.589333	69.589333	69.589
70.101333	70.101333	70.101
70.602667	70.602667	70.603
71.168000	71.168000	71.168
71.680000	71.680000	71.680
72.181333	72.181333	72.181
72.693333	72.693333	72.693
73.205333	73.205333	73.205
73.770667	73.770667	73.771
74.272000	74.272000	74.272
74.784000	74.784000	74.784
75.296000	75.296000	75.296
75.808000	75.808000	75.808
76.320000	76.320000	76.320
76.874667	76.874667	76.875
77.376000	77.376000	77.376
77.888000	77.888000	77.888
78.400000	78.400000	78.400
78.912000	78.912000	78.912
79.456000	79.456000	79.456
79.957333	79.957333	79.957
80.469333	80.469333	80.469
80.981333	80.981333	80.981
81.493333	81.493333	81.493
82.048000	82.048000	82.048
82.549333	82.549333	82.549
83.061333	83.061333	83.061
83.573333	83.573333	83.573
84.085333	84.085333	84.085
84.597333	84.597333	84.597
85.098667	85.098667	85.099
85.600000	85.600000	85.600
86.112000	86.112000	86.112
86.624000	86.624000	86.624
87.136000	87.136000	87.136
87.733333	87.733333	87.733
88.245333	88.245333	88.245
88.757333	88.757333	88.757
89.269333	89.269333	89.269
89.781333	89.781333	89.781
90.336000	90.336000	90.336
90.848000	90.848000	90.848
91.349333	91.349333	91.349
91.861333	91.861333	91.861
92.373333	92.373333	92.373
92.928000	92.928000	92.928
93.429333	93.429333	93.429
93.941333	93.941333	93.941
94.453333	94.453333	94.453
94.965333	94.965333	94.965
95.477333	95.477333	95.477
96.021333	96.021333	96.021
96.533333	96.533333	96.533
97.045333	97.045333	97.045
97.557333	97.557333	97.557
98.058667	98.058667	98.059
98.624000	98.624000	98.624
99.136000	99.136000	99.136
99.648000	99.648000	99.648
100.149333	100.149333	100.149
100.661333	100.661333	100.661
101.205333	101.205333	101.205
101.717333	101.717333	101.717
102.229333	102.229333	102.229
102.741333	102.741333	102.741
103.242667	103.242667	103.243
103.797333	103.797333	103.797
104.309333	104.309333	104.309
104.810667	104.810667	104.811
105.322667	105.322667	105.323
105.834667	105.834667	105.835
106.336000	106.336000	106.336
106.837333	106.837333	106.837
107.349333	107.349333	107.349
107.850667	107.850667	107.851
108.362667	108.362667	108.363
108.874667	108.874667	108.875
109.365333	109.365333	109.365
109.877333	109.877333	109.877
110.389333	110.389333	110.389
110.890667	110.890667	110.891
111.402667	111.402667	111.403
112.074667	112.074667	112.075
112.576000	112.576000	112.576
113.088000	113.088000	113.088
113.589333	113.589333	113.589
114.101333	114.101333	114.101
114.613333	114.613333	114.613
115.104000	115.104000	115.104
115.616000	115.616000	115.616
116.128000	116.128000	116.128
116.629333	116.629333	116.629
117.141333	117.141333	117.141
117.770667	117.770667	117.771
118.282667	118.282667	118.283
118.794667	118.794667	118.795
119.296000	119.296000	119.296
119.808000	119.808000	119.808
120.362667	120.362667	120.363
120.874667	120.874667	120.875
121.386667	121.386667	121.387
121.898667	121.898667	121.899
122.400000	122.400000	122.400
122.954667	122.954667	122.955
123.466667	123.466667	123.467
123.968000	123.968000	123.968
124.480000	124.480000	124.480
124.992000	124.992000	124.992
125.493333	125.493333	125.493
126.048000	126.048000	126.048
126.560000	126.560000	126.560
127.072000	127.072000	127.072
127.573333	127.573333	127.573
128.085333	128.085333	128.085
128.586667	128.586667	128.587
129.088000	129.088000	129.088
129.600000	129.600000	129.600
130.101333	130.101333	130.101
130.613333	130.613333	130.613
131.114667	131.114667	131.115
131.616000	131.616000	131.616
132.128000	132.128000	132.128
132.629333	132.629333	132.629
133.141333	133.141333	133.141
133.653333	133.653333	133.653
134.336000	134.336000	134.336
134.848000	134.848000	134.848
135.349333	135.349333	135.349
135.861333	135.861333	135.861
136.362667	136.362667	136.363
136.928000	136.928000	136.928
137.440000	137.440000	137.440
137.952000	137.952000	137.952
138.453333	138.453333	138.453
138.965333	138.965333	138.965
139.456000	139.456000	139.456
139.968000	139.968000	139.968
140.469333	140.469333	140.469
140.981333	140.981333	140.981
141.493333	141.493333	141.493
141.984000	141.984000	141.984
142.496000	142.496000	142.496
142.997333	142.997333	142.997
143.509333	143.509333	143.509
144.010667	144.010667	144.011
144.522667	144.522667	144.523
145.194667	145.194667	145.195
145.706667	145.706667	145.707
146.208000	146.208000	146.208
146.720000	146.720000	146.720
147.221333	147.221333	147.221
147.797333	147.797333	147.797
148.309333	148.309333	148.309
148.821333	148.821333	148.821
149.322667	149.322667	149.323
149.834667	149.834667	149.835
150.389333	150.389333	150.389
150.901333	150.901333	150.901
151.413333	151.413333	151.413
151.925333	151.925333	151.925
152.426667	152.426667	152.427
152.981333	152.981333	152.981
153.493333	153.493333	153.493
154.005333	154.005333	154.005
154.506667	154.506667	154.507
155.018667	155.018667	155.019
155.530667	155.530667	155.531
155.989333	155.989333	155.989
156.501333	156.501333	156.501
157.013333	157.013333	157.013
157.525333	157.525333	157.525
158.037333	158.037333	158.037
158.677333	158.677333	158.677
159.189333	159.189333	159.189
159.690667	159.690667	159.691
160.202667	160.202667	160.203
160.714667	160.714667	160.715
161.280000	161.280000	161.280
161.781333	161.781333	161.781
162.293333	162.293333	162.293
162.805333	162.805333	162.805
163.317333	163.317333	163.317
164.042667	164.042667	164.043
164.554667	164.554667	164.555
165.056000	165.056000	165.056
165.568000	165.568000	165.568
166.080000	166.080000	166.080
166.581333	166.581333	166.581
167.082667	167.082667	167.083
167.594667	167.594667	167.595
168.106667	168.106667	168.107
168.618667	168.618667	168.619
169.120000	169.120000	169.120
169.557333	169.557333	169.557
170.069333	170.069333	170.069
170.570667	170.570667	170.571
171.082667	171.082667	171.083
171.594667	171.594667	171.595
172.096000	172.096000	172.096
172.597333	172.597333	172.597
173.109333	173.109333	173.109
173.610667	173.610667	173.611
174.122667	174.122667	174.123
174.634667	174.634667	174.635
174.965333	174.965333	174.965
175.466667	175.466667	175.467
175.978667	175.978667	175.979
176.490667	176.490667	176.491
176.992000	176.992000	176.992
177.834667	177.834667	177.835
178.336000	178.336000	178.336
178.848000	178.848000	178.848
179.349333	179.349333	179.349
179.861333	179.861333	179.861
180.437333	180.437333	180.437
180.949333	180.949333	180.949
181.450667	181.450667	181.451
181.962667	181.962667	181.963
182.474667	182.474667	182.475
183.018667	183.018667	183.019
183.520000	183.520000	183.520
184.032000	184.032000	184.032
184.544000	184.544000	184.544
185.045333	185.045333	185.045
185.557333	185.557333	185.557
186.133333	186.133333	186.133
186.634667	186.634667	186.635
187.146667	187.146667	187.147
187.658667	187.658667	187.659
188.170667	188.170667	188.171
188.714667	188.714667	188.715
189.226667	189.226667	189.227
189.728000	189.728000	189.728
190.240000	190.240000	190.240
190.752000	190.752000	190.752
191.285333	191.285333	191.285
191.797333	191.797333	191.797
192.298667	192.298667	192.299
192.810667	192.810667	192.811
193.322667	193.322667	193.323
193.898667	193.898667	193.899
194.410667	194.410667	194.411
194.922667	194.922667	194.923
195.424000	195.424000	195.424
195.936000	195.936000	195.936
196.448000	196.448000	196.448
196.992000	196.992000	196.992
197.504000	197.504000	197.504
198.005333	198.005333	198.005
198.517333	198.517333	198.517
199.029333	199.029333	199.029
199.584000	199.584000	199.584
200.085333	200.085333	200.085
200.597333	200.597333	200.597
201.109333	201.109333	201.109
201.610667	201.610667	201.611
202.165333	202.165333	202.165
202.677333	202.677333	202.677
203.178667	203.178667	203.179
203.690667	203.690667	203.691
204.202667	204.202667	204.203
204.704000	204.704000	204.704
205.205333	205.205333	205.205
205.717333	205.717333	205.717
206.218667	206.218667	206.219
206.730667	206.730667	206.731
207.242667	207.242667	207.243
207.872000	207.872000	207.872
208.373333	208.373333	208.373
208.885333	208.885333	208.885
209.397333	209.397333	209.397
209.898667	209.898667	209.899
210.709333	210.709333	210.709
211.221333	211.221333	211.221
211.722667	211.722667	211.723
212.234667	212.234667	212.235
212.746667	212.746667	212.747
213.237333	213.237333	213.237
213.749333	213.749333	213.749
214.250667	214.250667	214.251
214.762667	214.762667	214.763
215.274667	215.274667	215.275
215.765333	215.765333	215.765
216.277333	216.277333	216.277
216.778667	216.778667	216.779
217.290667	217.290667	217.291
217.792000	217.792000	217.792
218.304000	218.304000	218.304
218.730667	218.730667	218.731
219.232000	219.232000	219.232
219.733333	219.733333	219.733
220.245333	220.245333	220.245
220.746667	220.746667	220.747
221.248000	221.248000	221.248
221.749333	221.749333	221.749
222.261333	222.261333	222.261
222.762667	222.762667	222.763
223.274667	223.274667	223.275
223.776000	223.776000	223.776
224.426667	224.426667	224.427
224.938667	224.938667	224.939
225.440000	225.440000	225.440
225.952000	225.952000	225.952
226.453333	226.453333	226.453
226.954667	226.954667	226.955
227.466667	227.466667	227.467
227.968000	227.968000	227.968
228.480000	228.480000	228.480
228.981333	228.981333	228.981
229.482667	229.482667	229.483
229.984000	229.984000	229.984
230.496000	230.496000	230.496
231.008000	231.008000	231.008
231.509333	231.509333	231.509
232.021333	232.021333	232.021
232.512000	232.512000	232.512
233.024000	233.024000	233.024
233.536000	233.536000	233.536
234.037333	234.037333	234.037
